
116.666885	40.976711
116.668670	40.970539
116.671065	40.964593
116.673454	40.957272
116.676759	40.950866
116.681260	40.944229
116.687890	40.940101
116.697556	40.937802
116.706009	40.935726
116.709022	40.934121
116.710822	40.932061
116.712021	40.928856
116.712005	40.926570
116.711693	40.923828
116.710770	40.919945
116.711044	40.914001
116.711319	40.909203
116.713113	40.904397
116.715508	40.900962
116.720023	40.898213
116.726959	40.894997
116.733292	40.892468
116.743537	40.888557
116.749565	40.886947
116.756492	40.883727
116.766137	40.879135
116.770951	40.877063
116.776963	40.872480
116.782075	40.868122
116.785362	40.862855
116.786239	40.858508
116.786225	40.855995
116.785309	40.853481
116.785286	40.849143
116.787071	40.845707
116.791579	40.842723
116.797013	40.842026
116.804244	40.841317
116.810890	40.841296
116.818436	40.841504
116.824768	40.841030
116.832305	40.840321
116.838028	40.838017
116.846137	40.832962
116.853036	40.826539
116.859023	40.819893
116.865006	40.813245
116.870408	40.808650
116.877311	40.804288
116.879700	40.801537
116.880889	40.798786
116.882576	40.796849
116.884477	40.793975
116.885657	40.791000
116.886826	40.786198
116.889213	40.782761
116.891601	40.779548
116.894302	40.777939
116.900321	40.776088
116.904526	40.774700
116.908439	40.773314
116.912651	40.772615
116.915040	40.769175
116.916223	40.766659
116.916808	40.764599
116.917991	40.761394
116.918869	40.758190
116.918534	40.754306
116.918518	40.751792
116.920585	40.746983
116.924478	40.743542
116.928665	40.739182
116.933731	40.732990
116.941505	40.725186
116.950784	40.718522
116.955262	40.713704
116.963950	40.708409
116.969650	40.705640
116.975936	40.701501
116.985832	40.697114
116.994233	40.692959
117.001747	40.691555
117.009574	40.691746
117.018303	40.691936
117.025840	40.693043
117.033685	40.694602
117.041238	40.696621
117.050888	40.698174
117.059624	40.698814
117.065948	40.698554
117.072578	40.699436
117.080115	40.700081
117.086732	40.699589
117.097275	40.699760
117.103287	40.699044
117.110207	40.698547
117.120757	40.699402
117.127091	40.700279
117.133431	40.701615
117.140663	40.701802
117.149071	40.700150
117.153276	40.698524
117.157462	40.696672
117.161057	40.694821
117.175187	40.691803
117.179091	40.690871
117.182998	40.690174
117.188705	40.689232
117.193511	40.688068
117.198617	40.686905
117.204018	40.685504
117.210616	40.683646
117.216918	40.681789
117.224724	40.679924
117.233123	40.677830
117.242729	40.675266
117.249328	40.673634
117.254738	40.672467
117.261040	40.671063
117.264937	40.669671
117.270621	40.666897
117.274514	40.665046
117.278710	40.663193
117.281700	40.661350
117.286179	40.658580
117.290976	40.656955
117.294577	40.656021
117.297875	40.655319
117.302384	40.654610
117.305985	40.653904
117.311097	40.654334
117.321029	40.655198
117.322540	40.655880
117.325257	40.657233
117.328286	40.659050
117.330399	40.660183
117.334335	40.662453
117.339476	40.665627
117.344910	40.667430
117.350341	40.669003
117.355765	40.670573
117.364219	40.673046
117.370559	40.675072
117.375077	40.675961
117.380799	40.676841
117.386825	40.677723
117.392250	40.678607
117.396469	40.679268
117.401886	40.679694
117.409400	40.679191
117.415413	40.678470
117.420814	40.677746
117.426820	40.676795
117.433723	40.675610
117.439125	40.674660
117.443633	40.674400
117.450240	40.673443
117.456847	40.672713
117.464355	40.671749
117.470666	40.671250
117.475479	40.671218
117.479691	40.671421
117.488242	40.670797
117.496003	40.665336
117.495025	40.660775
117.494683	40.658489
117.494583	40.652550
117.496598	40.647046
117.497749	40.644062
117.499198	40.640393
117.497063	40.638583
117.495223	40.636769
117.492798	40.635876
117.488587	40.635456
117.484673	40.635495
117.481674	40.635978
117.475662	40.636486
117.469964	40.637450
117.463104	40.641396
117.456870	40.646480
117.453301	40.648796
117.446434	40.652283
117.441917	40.652322
117.438605	40.651893
117.436157	40.649628
117.434013	40.646904
117.428468	40.638722
117.424165	40.632817
117.420762	40.626900
117.418845	40.619830
117.419091	40.616168
117.421113	40.610896
117.423759	40.607220
117.427002	40.603307
117.430259	40.599621
117.434104	40.595931
117.437308	40.589046
117.438735	40.584465
117.438667	40.580123
117.437737	40.578072
117.433801	40.576274
117.427451	40.574043
117.422615	40.572486
117.417808	40.572525
117.412407	40.573028
117.407288	40.572614
117.400963	40.571750
117.394632	40.570202
117.389191	40.567960
117.382851	40.566182
117.378028	40.565079
117.373818	40.564885
117.369912	40.565368
117.367225	40.566303
117.364540	40.567470
117.360955	40.568871
117.355262	40.570515
117.349265	40.571472
117.341803	40.574733
117.334016	40.576623
117.326515	40.577591
117.320801	40.577632
117.313583	40.577229
117.306680	40.577970
117.299758	40.577331
117.290398	40.573967
117.282829	40.570136
117.274956	40.565624
117.268005	40.562702
117.259239	40.558647
117.252587	40.555721
117.245034	40.552573
117.238381	40.549186
117.235345	40.546467
117.232590	40.542600
117.233146	40.539170
117.234887	40.533898
117.237542	40.530452
117.243507	40.527213
117.247383	40.524670
117.248856	40.522835
117.250321	40.519624
117.249382	40.516889
117.246643	40.514393
117.244240	40.513721
117.239425	40.513299
117.235833	40.513778
117.232537	40.514712
117.228043	40.515660
117.221146	40.515934
117.215423	40.514828
117.211510	40.513709
117.208497	40.512818
117.204246	40.509415
117.199401	40.505792
117.196648	40.501466
117.195091	40.496903
117.196235	40.492324
117.198289	40.488650
117.200050	40.485213
117.203294	40.480621
117.208007	40.473508
117.214204	40.464553
117.218322	40.458126
117.223060	40.453522
117.226867	40.445958
117.228897	40.440686
117.229743	40.436107
117.229989	40.431768
117.229310	40.425598
117.227142	40.420356
117.224679	40.414658
117.222817	40.409870
117.221572	40.406219
117.220886	40.399598
117.219314	40.393437
117.217461	40.389107
117.216203	40.384544
117.216736	40.379284
117.216408	40.376774
117.217285	40.374940
117.218764	40.373328
117.222336	40.371475
117.226502	40.368934
117.231559	40.366391
117.235726	40.363845
117.237182	40.360864
117.237731	40.356976
117.237396	40.354462
117.237656	40.351262
117.238511	40.347599
117.241752	40.343465
117.245300	40.339782
117.248543	40.335878
117.252967	40.330813
117.255928	40.328053
117.258567	40.323693
117.262084	40.318185
117.263825	40.313599
117.267342	40.307862
117.272643	40.301654
117.277368	40.296592
117.281785	40.291077
117.287109	40.286922
117.292137	40.282543
117.301064	40.278824
117.311776	40.274633
117.317733	40.272759
117.320396	40.270455
117.322761	40.268609
117.322442	40.261974
117.324509	40.259907
117.326278	40.257607
117.327750	40.255538
117.329223	40.253013
117.330978	40.249115
117.332138	40.245904
117.334481	40.241542
117.336837	40.238326
117.340087	40.234875
117.343643	40.231422
117.346916	40.230034
117.350188	40.229100
117.355553	40.228154
117.359733	40.227443
117.363907	40.226962
117.368980	40.226705
117.374657	40.226673
117.379737	40.226871
117.379471	40.219256
117.380615	40.215820
117.381768	40.212841
117.382896	40.208718
117.382256	40.205750
117.381027	40.203701
117.378014	40.201671
117.374992	40.199638
117.372857	40.196682
117.370728	40.194188
117.369484	40.190997
117.370637	40.188019
117.372987	40.185028
117.376243	40.183403
117.379197	40.180862
117.380364	40.179255
117.381219	40.176049
117.380868	40.172623
117.379348	40.170807
117.373657	40.170166
117.367104	40.170902
117.358138	40.170975
117.354829	40.169175
117.350601	40.166009
117.347556	40.161916
117.344192	40.156685
117.341117	40.150310
117.337455	40.144852
117.334419	40.141221
117.330506	40.138965
117.324769	40.134666
117.316102	40.134044
117.310723	40.133629
117.305039	40.132526
117.299049	40.130974
117.295441	40.128941
117.290619	40.126008
117.284027	40.123998
117.281005	40.121274
117.278275	40.118095
117.274330	40.113094
117.271927	40.111741
117.267426	40.110172
117.263536	40.109288
117.258453	40.108634
117.252785	40.108903
117.246811	40.108260
117.238449	40.107631
117.231582	40.107219
117.226502	40.107025
117.221406	40.104775
117.215088	40.101158
117.209365	40.096397
117.205750	40.093678
117.200317	40.088455
117.196098	40.084828
117.193986	40.082782
117.182335	40.081257
117.174850	40.079247
117.165574	40.076332
117.159272	40.073173
117.154456	40.070003
117.148460	40.066842
117.143669	40.065499
117.136490	40.063484
117.128137	40.062618
117.120689	40.063576
117.112648	40.064533
117.103096	40.064132
117.092361	40.064191
117.080735	40.064480
117.072982	40.064063
117.063127	40.062974
117.056260	40.061866
117.049965	40.058928
117.043367	40.054619
117.038254	40.050076
117.033737	40.045983
117.028336	40.042355
117.023240	40.038952
117.018440	40.036003
117.011254	40.032609
117.004981	40.031041
116.997513	40.029019
116.987977	40.029060
116.978760	40.031615
116.969842	40.034854
116.964210	40.038307
116.960372	40.042664
116.957856	40.045978
116.955330	40.045659
116.950859	40.046136
116.941925	40.047314
116.930878	40.045071
116.920127	40.043515
116.912681	40.043544
116.904335	40.044032
116.893600	40.043617
116.886147	40.043414
116.876297	40.041851
116.865257	40.040292
116.856911	40.040547
116.849465	40.041942
116.842324	40.043565
116.834869	40.043588
116.826805	40.041557
116.818749	40.039754
116.812171	40.037258
116.806792	40.034763
116.801705	40.031579
116.797822	40.029988
116.791855	40.029090
116.784997	40.028424
116.778137	40.027985
116.777679	40.027966
116.776099	40.018829
116.771988	40.009786
116.768036	40.002971
116.771263	39.999999
116.769784	39.993442
116.766570	39.985351
116.760811	39.974217
116.756104	39.966316
116.758468	39.959973
116.767097	39.953559
116.774513	39.947349
116.776215	39.935955
116.775094	39.927689
116.777373	39.916535
116.778679	39.907188
116.779235	39.903054
116.790214	39.892066
116.798325	39.888878
116.802688	39.888125
116.809906	39.886879
116.819847	39.880752
116.841964	39.872666
116.870834	39.852409
116.882430	39.855641
116.895271	39.856568
116.907669	39.854934
116.914192	39.850862
116.912362	39.849487
116.916337	39.846180
116.919028	39.843099
116.919464	39.842597
116.920861	39.837602
116.925424	39.828102
116.929016	39.820415
116.931297	39.815667
116.933198	39.812966
116.932990	39.810674
116.934472	39.806389
116.935775	39.802799
116.937104	39.798223
116.942054	39.792228
116.945473	39.783044
116.946588	39.778458
116.946205	39.772968
116.941384	39.768209
116.933968	39.768731
116.928086	39.771987
116.924911	39.770317
116.922096	39.768838
116.921082	39.768070
116.916993	39.764993
116.911614	39.762525
116.902274	39.759243
116.902069	39.759170
116.901992	39.759037
116.899635	39.755074
116.903991	39.748859
116.906541	39.741055
116.900207	39.734245
116.897643	39.732955
116.894828	39.731544
116.888534	39.727478
116.885475	39.720871
116.886040	39.718804
116.890031	39.704231
116.890815	39.701373
116.894295	39.696309
116.898881	39.685740
116.898988	39.683926
116.899353	39.677955
116.895423	39.677299
116.886277	39.675778
116.878257	39.674477
116.868165	39.673187
116.860710	39.670502
116.847261	39.662147
116.842139	39.656697
116.836410	39.649422
116.832474	39.643729
116.831206	39.638020
116.831733	39.633213
116.831826	39.628915
116.831908	39.624742
116.827995	39.620197
116.823991	39.618310
116.816071	39.614570
116.805092	39.611596
116.799385	39.610009
116.792586	39.608120
116.788384	39.603578
116.784767	39.599026
116.778786	39.594493
116.770219	39.595931
116.763190	39.602165
116.757912	39.605866
116.750580	39.611183
116.744690	39.613975
116.738519	39.617225
116.734726	39.621601
116.726090	39.618005
116.710380	39.616970
116.698836	39.617740
116.699935	39.610638
116.705521	39.607167
116.710816	39.604382
116.716994	39.601360
116.721947	39.595147
116.716247	39.589009
116.708833	39.587687
116.700279	39.590495
116.692336	39.594668
116.682930	39.599999
116.672599	39.603047
116.663430	39.603336
116.654555	39.604309
116.642419	39.604389
116.629409	39.605845
116.611144	39.614663
116.605308	39.622483
116.599464	39.629154
116.587585	39.626481
116.577179	39.623112
116.568559	39.619958
116.562303	39.616334
116.556931	39.612473
116.550376	39.608161
116.544106	39.603623
116.537574	39.601602
116.524818	39.598926
116.517372	39.594621
116.515243	39.589137
116.514313	39.584567
116.511879	39.577714
116.510040	39.570858
116.498665	39.557644
116.490334	39.552883
116.479012	39.544017
116.467406	39.537209
116.458800	39.533820
116.448127	39.531128
116.435662	39.526383
116.423790	39.521408
116.412208	39.515735
116.403641	39.516464
116.397407	39.513978
116.399429	39.507558
116.401154	39.501828
116.405243	39.495629
116.411102	39.488734
116.422608	39.486394
116.434701	39.483590
116.441445	39.477149
116.443138	39.468213
116.444818	39.457218
116.447974	39.441978
116.445976	39.442073
116.437638	39.442356
116.429604	39.443493
116.419449	39.445483
116.404534	39.448254
116.396140	39.450525
116.382110	39.453316
116.368813	39.453148
116.356772	39.451416
116.344796	39.448544
116.336342	39.451954
116.327950	39.460170
116.318061	39.468571
116.308457	39.477206
116.298714	39.482640
116.290222	39.486729
116.279045	39.491200
116.265732	39.496971
116.253327	39.502316
116.243736	39.504768
116.241485	39.508132
116.239502	39.512191
116.238212	39.514217
116.237747	39.517937
116.237214	39.522199
116.235618	39.530160
116.235336	39.541366
116.234871	39.550282
116.231338	39.555663
116.218078	39.565785
116.215423	39.571202
116.215530	39.573997
116.215539	39.574222
116.210862	39.575553
116.194008	39.577892
116.181876	39.579296
116.168862	39.580474
116.158203	39.579585
116.148719	39.576634
116.144264	39.572982
116.139512	39.568878
116.134757	39.564999
116.123216	39.564563
116.109901	39.566197
116.099861	39.570569
116.090690	39.572647
116.083894	39.573345
116.072045	39.572449
116.061096	39.572472
116.035355	39.574115
116.025543	39.576299
116.022934	39.576878
116.014649	39.577575
116.004295	39.579419
115.989807	39.586304
115.982263	39.590482
115.981529	39.590890
115.973237	39.588155
115.972038	39.580830
115.969399	39.573814
115.968766	39.572137
115.957206	39.567111
115.946564	39.570781
115.937104	39.577199
115.932381	39.584064
115.929863	39.588410
115.929726	39.588647
115.925293	39.595054
115.919083	39.598035
115.911972	39.596665
115.904861	39.589802
115.906037	39.582249
115.906196	39.581174
115.907211	39.574466
115.903648	39.568520
115.900688	39.563713
115.888841	39.557769
115.887337	39.557655
115.879966	39.557083
115.873748	39.556397
115.864577	39.555255
115.850670	39.553195
115.840904	39.550221
115.831138	39.547474
115.824332	39.543121
115.818719	39.539001
115.813096	39.532594
115.808068	39.525955
115.806291	39.521374
115.802742	39.511991
115.792397	39.511300
115.782936	39.509465
115.773476	39.507854
115.762237	39.508763
115.750108	39.511731
115.744781	39.517672
115.741524	39.522935
115.739448	39.528428
115.737374	39.533230
115.735298	39.538948
115.729965	39.544662
115.724930	39.551296
115.717156	39.561521
115.709480	39.560395
115.704156	39.560210
115.701149	39.561019
115.696265	39.563367
115.691659	39.566182
115.687737	39.572456
115.689225	39.577317
115.689225	39.582352
115.686752	39.589137
115.684304	39.595464
115.681663	39.599796
115.673355	39.600667
115.664474	39.601105
115.658256	39.601784
115.649367	39.602456
115.639893	39.603357
115.608817	39.600549
115.597572	39.598465
115.590171	39.596847
115.571403	39.595810
115.568565	39.595653
115.561158	39.597237
115.553443	39.601800
115.553131	39.602128
115.549582	39.605907
115.543632	39.612988
115.537407	39.615486
115.521102	39.620022
115.516006	39.622059
115.514283	39.622745
115.510962	39.627654
115.510110	39.628915
115.511856	39.635098
115.507104	39.638973
115.500877	39.640103
115.494949	39.641915
115.488114	39.645783
115.479164	39.651469
115.475930	39.653527
115.467262	39.670204
115.470496	39.675252
115.474328	39.680751
115.475930	39.683872
115.478439	39.688779
115.482521	39.703433
115.483086	39.709384
115.484237	39.717400
115.487168	39.725190
115.484429	39.740285
115.480538	39.747364
115.470740	39.749164
115.463021	39.750058
115.454415	39.751172
115.448478	39.751838
115.438386	39.753178
115.431243	39.756127
115.425584	39.760223
115.424836	39.760947
115.421112	39.764557
115.418113	39.769581
115.417495	39.774383
115.426377	39.778533
115.432893	39.781991
115.441779	39.785225
115.452735	39.790066
115.465774	39.794913
115.477630	39.799073
115.486412	39.796844
115.490113	39.795907
115.497552	39.791581
115.508537	39.791839
115.521882	39.794854
115.531671	39.796481
115.539094	39.797416
115.545022	39.799262
115.552429	39.802713
115.557762	39.805240
115.562202	39.809142
115.562820	39.812520
115.563239	39.814831
115.560684	39.818976
115.551162	39.823991
115.541054	39.827168
115.533027	39.829663
115.528320	39.830994
115.525002	39.831929
115.512772	39.843338
115.511352	39.847657
115.510734	39.849537
115.510062	39.851566
115.510338	39.856831
115.512704	39.860954
115.515954	39.865311
115.519546	39.869591
115.520387	39.870587
115.523033	39.877229
115.517075	39.881789
115.512818	39.883911
115.510224	39.885204
115.508414	39.889999
115.509887	39.894580
115.513123	39.902370
115.511781	39.905953
115.511322	39.907170
115.508323	39.911967
115.503845	39.916072
115.497283	39.921314
115.485953	39.928147
115.477607	39.931552
115.469254	39.937245
115.461799	39.941341
115.447778	39.948844
115.437057	39.950410
115.427238	39.950831
115.421096	39.951991
115.416520	39.952855
115.413810	39.957646
115.415565	39.964290
115.419097	39.971166
115.420601	39.973258
115.424706	39.978965
115.432107	39.987229
115.436845	39.992280
115.438477	39.999999
115.437843	40.005410
115.438392	40.008384
115.438035	40.012493
115.437980	40.016030
115.437973	40.016605
115.438217	40.020493
115.439361	40.023930
115.440820	40.026234
115.442581	40.027848
115.445533	40.029701
115.448792	40.031105
115.455292	40.035278
115.460801	40.038703
115.462380	40.039688
115.470665	40.044103
115.477165	40.048276
115.482475	40.052207
115.486304	40.055902
115.491608	40.060291
115.497208	40.064907
115.504608	40.069317
115.510491	40.074825
115.514641	40.076947
115.518196	40.079033
115.522643	40.080902
115.527390	40.083001
115.531846	40.084179
115.533845	40.085998
115.535386	40.087411
115.542465	40.093409
115.545425	40.095265
115.549865	40.097817
115.553726	40.099217
115.561799	40.098145
115.565224	40.096867
115.565994	40.096577
115.572586	40.094574
115.577659	40.094159
115.582741	40.093514
115.586311	40.094460
115.589577	40.096085
115.592216	40.099303
115.592323	40.100174
115.592765	40.103652
115.593301	40.108456
115.595047	40.112126
115.597984	40.115806
115.603035	40.117906
115.606308	40.118842
115.607270	40.118608
115.611693	40.117511
115.619461	40.116889
115.626929	40.116260
115.634972	40.117919
115.641509	40.120030
115.648629	40.123966
115.654655	40.127163
115.656936	40.128371
115.663765	40.131621
115.667336	40.132791
115.668968	40.133493
115.673278	40.135346
115.679245	40.135849
115.682823	40.135644
115.688514	40.134315
115.695397	40.132991
115.701981	40.130981
115.709755	40.129894
115.715134	40.129700
115.723793	40.129304
115.731239	40.130726
115.739273	40.133748
115.744622	40.136298
115.749946	40.140679
115.753793	40.144587
115.755256	40.147569
115.754028	40.150757
115.752786	40.152763
115.751908	40.154171
115.750976	40.157597
115.750939	40.161480
115.752984	40.165836
115.754342	40.166640
115.759217	40.169533
115.767242	40.173699
115.771103	40.176463
115.775237	40.178173
115.776160	40.178556
115.778556	40.178111
115.780967	40.175841
115.781243	40.175274
115.782182	40.173336
115.783401	40.170829
115.784317	40.169006
115.784935	40.166725
115.785865	40.162618
115.787102	40.158741
115.789512	40.156013
115.792221	40.154201
115.794845	40.153417
115.796707	40.152858
115.802095	40.151748
115.807480	40.150639
115.810197	40.148963
115.810783	40.148601
115.815895	40.144519
115.822502	40.140216
115.826392	40.139095
115.835044	40.139831
115.839210	40.141914
115.843367	40.143993
115.844544	40.146516
115.846900	40.149955
115.844781	40.153604
115.843864	40.156567
115.843529	40.160220
115.842606	40.164101
115.839272	40.169567
115.837731	40.174588
115.838303	40.178018
115.840667	40.180545
115.845122	40.183998
115.847794	40.186070
115.855529	40.189311
115.861778	40.192547
115.868928	40.195102
115.872497	40.197637
115.875145	40.202450
115.874213	40.207015
115.872673	40.212720
115.873238	40.216838
115.875009	40.219817
115.878282	40.222121
115.882446	40.224430
115.886306	40.226962
115.892273	40.228824
115.898812	40.233884
115.902953	40.240079
115.906807	40.244213
115.911568	40.247208
115.916031	40.250198
115.919609	40.251591
115.926483	40.252078
115.933662	40.252117
115.939048	40.251686
115.943825	40.252625
115.947998	40.255157
115.950377	40.257225
115.951859	40.259059
115.955132	40.261817
115.951501	40.267971
115.949340	40.277103
115.946601	40.283717
115.944459	40.290336
115.941436	40.294662
115.938423	40.298076
115.934196	40.302627
115.928780	40.307172
115.924559	40.311265
115.922128	40.316051
115.919404	40.320607
115.919662	40.325868
115.918725	40.331575
115.918082	40.336602
115.915039	40.343898
115.910515	40.347989
115.905968	40.354596
115.900246	40.358906
115.895143	40.360023
115.889183	40.356105
115.885894	40.354947
115.881112	40.354690
115.875114	40.355118
115.870904	40.356693
115.866403	40.358265
115.862168	40.362817
115.857940	40.367134
115.853400	40.371911
115.847680	40.375762
115.841966	40.378472
115.837143	40.381645
115.831726	40.384125
115.827507	40.386616
115.822983	40.390246
115.819038	40.395477
115.814789	40.401168
115.812943	40.406642
115.810197	40.411657
115.807464	40.415978
115.804139	40.419159
115.799599	40.423020
115.790551	40.428677
115.783912	40.433434
115.775169	40.438179
115.769745	40.440886
115.766105	40.444519
115.761841	40.451576
115.760596	40.455685
115.762039	40.461636
115.764083	40.467819
115.766419	40.474235
115.769647	40.481571
115.770196	40.486827
115.770462	40.490720
115.766823	40.494122
115.758392	40.497268
115.753280	40.497464
115.747589	40.496513
115.739808	40.494633
115.735610	40.493920
115.731986	40.495495
115.730774	40.497085
115.729851	40.499134
115.729226	40.501874
115.730384	40.505997
115.732734	40.511041
115.735970	40.517463
115.737130	40.521584
115.741554	40.529385
115.744813	40.533520
115.752243	40.541339
115.760605	40.546882
115.765672	40.551258
115.771035	40.555176
115.774629	40.557027
115.778526	40.557735
115.783326	40.558681
115.788139	40.557567
115.792039	40.558278
115.798026	40.560372
115.802222	40.561997
115.807015	40.564083
115.811188	40.567540
115.813271	40.569377
115.815063	40.571217
115.816827	40.575116
115.816499	40.578311
115.815872	40.581279
115.816451	40.583797
115.817328	40.586316
115.820015	40.588162
115.823616	40.589554
115.826912	40.590717
115.831413	40.591198
115.836822	40.591916
115.842834	40.591492
115.848541	40.591752
115.854859	40.592018
115.860862	40.592511
115.866273	40.593224
115.870774	40.594163
115.873764	40.595779
115.877349	40.598769
115.879127	40.601524
115.880021	40.603355
115.883300	40.606803
115.885987	40.608642
115.893775	40.612344
115.899772	40.615117
115.904571	40.616970
115.909073	40.617679
115.912986	40.617469
115.916902	40.616806
115.922020	40.615459
115.926551	40.613198
115.934104	40.608663
115.938629	40.605941
115.947677	40.602329
115.951599	40.600517
115.956123	40.598256
115.960953	40.595077
115.965484	40.592811
115.966705	40.589160
115.967027	40.587104
115.967635	40.584821
115.970368	40.581176
115.975181	40.580055
115.979699	40.579392
115.985405	40.580101
115.989303	40.581033
115.992302	40.582874
115.995591	40.585404
115.998877	40.587932
116.002175	40.590462
116.005172	40.591847
116.008172	40.593231
116.012664	40.594619
116.019271	40.596934
116.027077	40.598336
116.035781	40.600884
116.041787	40.602737
116.045989	40.604125
116.051086	40.605973
116.058602	40.606915
116.065811	40.608314
116.070618	40.609016
116.081138	40.609971
116.090141	40.613659
116.097352	40.614826
116.103950	40.618278
116.107255	40.620576
116.108750	40.622406
116.109336	40.624924
116.109329	40.626755
116.108718	40.628810
116.107200	40.631087
116.105988	40.634515
116.107155	40.641143
116.107734	40.646633
116.109222	40.650754
116.112205	40.656016
116.115806	40.658776
116.119111	40.660613
116.124214	40.661999
116.127831	40.661327
116.133552	40.659745
116.139573	40.659991
116.146782	40.662530
116.154296	40.666206
116.156090	40.669411
116.156685	40.671699
116.157273	40.675129
116.158150	40.681073
116.156318	40.687468
116.155083	40.695922
116.157173	40.700273
116.163178	40.706458
116.169785	40.709906
116.175201	40.712436
116.180917	40.714736
116.189637	40.717731
116.198363	40.720498
116.202575	40.723937
116.204971	40.726913
116.205871	40.729660
116.207070	40.731948
116.208854	40.737897
116.211844	40.744759
116.215445	40.749798
116.218452	40.753917
116.220551	40.758037
116.221146	40.761009
116.222335	40.764900
116.223840	40.768330
116.225335	40.770848
116.225326	40.773818
116.225617	40.777706
116.225914	40.781136
116.227714	40.784341
116.232231	40.786866
116.237649	40.788247
116.240967	40.788024
116.244591	40.787347
116.248511	40.785072
116.253044	40.782107
116.259690	40.776863
116.265427	40.772533
116.269652	40.768653
116.273880	40.763863
116.279617	40.758160
116.283845	40.756565
116.288369	40.755890
116.293786	40.757499
116.296494	40.761157
116.301613	40.764141
116.305526	40.767350
116.307632	40.769406
116.312455	40.772157
116.318175	40.773307
116.323609	40.773772
116.330840	40.772412
116.339889	40.771512
116.351043	40.769925
116.358878	40.769246
116.369125	40.770402
116.374550	40.772006
116.378768	40.774525
116.386909	40.777961
116.392938	40.781624
116.399871	40.784598
116.404700	40.785061
116.407716	40.784377
116.410423	40.782547
116.410729	40.780719
116.410423	40.777747
116.410125	40.772264
116.411629	40.769061
116.413140	40.767238
116.416452	40.765410
116.422179	40.763585
116.429718	40.763131
116.436950	40.764278
116.442978	40.765422
116.449608	40.767712
116.452927	40.769768
116.454139	40.773654
116.456856	40.776626
116.457458	40.778458
116.458062	40.780284
116.457763	40.782570
116.457763	40.785084
116.455956	40.787826
116.454452	40.790112
116.450837	40.793537
116.445107	40.797653
116.436973	40.807018
116.429436	40.813874
116.422500	40.817757
116.413147	40.822553
116.405601	40.828034
116.398064	40.833511
116.392327	40.839450
116.384179	40.849269
116.377838	40.856350
116.372398	40.862748
116.366662	40.868455
116.358199	40.874385
116.352768	40.877355
116.343093	40.886943
116.336449	40.891736
116.331009	40.894699
116.326774	40.900178
116.324349	40.904289
116.323440	40.909087
116.324639	40.914573
116.326439	40.922805
116.330360	40.929668
116.334893	40.935163
116.340935	40.937911
116.348786	40.938606
116.353928	40.939525
116.357552	40.939762
116.361176	40.939536
116.364806	40.938397
116.368736	40.936343
116.371154	40.932685
116.373574	40.928806
116.375388	40.924922
116.377205	40.920806
116.378417	40.917153
116.382041	40.912125
116.383858	40.908016
116.385970	40.905960
116.392318	40.902993
116.401977	40.900716
116.408928	40.900032
116.413154	40.899578
116.416176	40.899811
116.421012	40.900497
116.426147	40.900043
116.430977	40.899590
116.437019	40.898678
116.441246	40.896622
116.448793	40.892967
116.454529	40.892285
116.459365	40.892513
116.464195	40.893883
116.468430	40.898231
116.469337	40.901199
116.469346	40.905315
116.468742	40.910115
116.467240	40.914912
116.463012	40.919482
116.459694	40.924973
116.455468	40.931370
116.449433	40.938682
116.446105	40.942795
116.443694	40.948967
116.442491	40.955139
116.440070	40.962453
116.440385	40.969537
116.444314	40.975483
116.450974	40.978913
116.458534	40.978915
116.464279	40.978687
116.469414	40.978004
116.478485	40.976173
116.486350	40.975720
116.494209	40.976401
116.502984	40.978687
116.511154	40.981201
116.517508	40.983941
116.523261	40.986455
116.530219	40.988278
116.538087	40.988045
116.545647	40.987815
116.554107	40.985753
116.560454	40.982776
116.565589	40.980488
116.570724	40.978425
116.575257	40.975681
116.580695	40.975444
116.584023	40.976586
116.587052	40.977725
116.589477	40.978867
116.593110	40.981381
116.597062	40.987774
116.601326	40.996227
116.605583	41.004453
116.608024	41.010395
116.609857	41.015420
116.610474	41.019532
116.608970	41.024106
116.605964	41.028682
116.603250	41.033029
116.600845	41.039201
116.600861	41.043317
116.606636	41.051307
116.613617	41.056328
116.620589	41.058610
116.629371	41.059284
116.636033	41.058361
116.641473	41.055836
116.649026	41.052857
116.657188	41.048958
116.666252	41.045056
116.671393	41.043907
116.677132	41.040924
116.681656	41.037259
116.687088	41.032452
116.689483	41.027415
116.687347	41.022622
116.685219	41.020111
116.684601	41.017139
116.683685	41.015083
116.683366	41.011429
116.677880	41.002292
116.672706	40.995674
116.670876	40.991790
116.668435	40.986309
116.667503	40.980369
116.666885	40.976711
