
117.444770	40.244780
117.449242	40.243611
117.453415	40.242440
117.456093	40.241733
117.458771	40.240803
117.459434	40.240398
117.467370	40.238857
117.470344	40.237918
117.473624	40.237205
117.476890	40.235577
117.480751	40.233941
117.484300	40.231625
117.487855	40.229763
117.492308	40.228122
117.496185	40.227172
117.501557	40.226668
117.506348	40.227081
117.512039	40.227714
117.517135	40.228585
117.524652	40.231026
117.529761	40.232350
117.537476	40.229305
117.541649	40.228352
117.544305	40.226272
117.546937	40.223044
117.550461	40.219127
117.556389	40.216556
117.559623	40.213554
117.560776	40.211029
117.561332	40.208736
117.561264	40.204624
117.561439	40.197536
117.562570	40.194095
117.565788	40.190182
117.568069	40.184219
117.568849	40.183722
117.573129	40.180985
117.572723	40.177090
117.573860	40.173649
117.575310	40.171119
117.579125	40.167199
117.584404	40.161888
117.587638	40.159115
117.590286	40.156804
117.595025	40.154472
117.598580	40.153066
117.603355	40.152785
117.607544	40.153430
117.611993	40.151787
117.614632	40.149018
117.617538	40.144870
117.620469	40.141643
117.624909	40.139541
117.631415	40.136501
117.636163	40.134853
117.642082	40.132050
117.643541	40.129978
117.647285	40.122856
117.646934	40.120347
117.646599	40.118291
117.644744	40.114883
117.641380	40.110574
117.640450	40.108757
117.639488	40.105111
117.639144	40.102601
117.640847	40.098239
117.644103	40.096835
117.647369	40.095887
117.654831	40.095807
117.660187	40.095292
117.663460	40.094574
117.666710	40.093170
117.670860	40.091750
117.675004	40.089653
117.680923	40.087532
117.684478	40.086121
117.689522	40.084694
117.695473	40.083946
117.702623	40.083409
117.709777	40.083103
117.715149	40.083046
117.720482	40.081387
117.726104	40.079265
117.732331	40.077141
117.737382	40.076168
117.743599	40.073813
117.748597	40.070329
117.750024	40.067113
117.752937	40.063653
117.756134	40.059731
117.757873	40.057194
117.758423	40.054906
117.758078	40.052852
117.757743	40.050796
117.755013	40.048775
117.754373	40.046493
117.754311	40.041568
117.748116	40.038222
117.739465	40.021603
117.739043	40.019180
117.741302	40.018360
117.748458	40.019821
117.753251	40.020908
117.759833	40.021977
117.764022	40.022843
117.768494	40.023021
117.774452	40.022724
117.780373	40.020828
117.783912	40.018955
117.788300	40.015246
117.791801	40.011552
117.794128	40.009011
117.797296	40.003491
117.797599	39.999999
117.801804	39.993554
117.803032	39.984150
117.801713	39.979366
117.796753	39.972581
117.790078	39.967884
117.782219	39.963661
117.775605	39.961021
117.766343	39.959793
117.760125	39.961037
117.753060	39.963893
117.746589	39.966740
117.740723	39.969807
117.734574	39.973563
117.728721	39.977317
117.722861	39.981069
117.717583	39.983895
117.711105	39.986739
117.703393	39.987774
117.696565	39.988339
117.689675	39.986839
117.684234	39.983719
117.678208	39.980836
117.670669	39.977287
117.664048	39.974411
117.653252	39.971371
117.644591	39.970352
117.633027	39.971897
117.626784	39.972219
117.621476	39.974129
117.616195	39.977408
117.608009	39.983245
117.603065	39.987897
117.597427	39.992505
117.588151	39.994857
117.570061	39.994190
117.554000	39.991901
117.545868	39.986420
117.543083	39.981884
117.539933	39.974835
117.534545	39.961179
117.531396	39.954129
117.528244	39.946850
117.524184	39.938895
117.521295	39.929783
117.520180	39.920642
117.519423	39.914374
117.517242	39.909741
117.514038	39.895309
117.513192	39.885005
117.519494	39.873578
117.524880	39.864434
117.530869	39.855527
117.536278	39.841804
117.543161	39.830377
117.550636	39.819175
117.558105	39.808666
117.564660	39.802959
117.564673	39.799064
117.560234	39.796538
117.556083	39.794692
117.555076	39.790173
117.553177	39.785393
117.551254	39.779468
117.548715	39.772639
117.555709	39.767719
117.559135	39.762634
117.563171	39.757996
117.567878	39.755181
117.570861	39.754832
117.578011	39.754055
117.581391	39.750691
117.585288	39.749394
117.589172	39.748553
117.593406	39.746122
117.595925	39.741821
117.594872	39.737912
117.592574	39.735576
117.589087	39.733224
117.585580	39.731556
117.578583	39.727989
117.578674	39.725242
117.584433	39.721466
117.591446	39.715656
117.594245	39.711818
117.599701	39.708263
117.604209	39.706291
117.611947	39.705528
117.617875	39.705640
117.627158	39.703071
117.631393	39.700409
117.636735	39.700279
117.644737	39.700436
117.648049	39.698896
117.647240	39.696366
117.645293	39.692437
117.647796	39.688366
117.652696	39.683425
117.654916	39.679120
117.656310	39.672512
117.662131	39.666675
117.666305	39.665837
117.667321	39.661969
117.666528	39.658977
117.666954	39.654870
117.665580	39.651410
117.666298	39.647538
117.666421	39.643649
117.665062	39.639732
117.661865	39.637844
117.653275	39.637680
117.651009	39.634435
117.653794	39.630825
117.650344	39.627559
117.646203	39.627251
117.643294	39.625594
117.643089	39.622620
117.643242	39.618046
117.639206	39.614536
117.633980	39.611233
117.627297	39.607215
117.622643	39.604610
117.618340	39.600410
117.619361	39.596309
117.621811	39.593841
117.625939	39.594379
117.630531	39.598812
117.636771	39.598244
117.638572	39.597362
117.641327	39.594668
117.644897	39.594051
117.650002	39.591863
117.650756	39.586842
117.648894	39.580403
117.648965	39.578113
117.649345	39.575603
117.652894	39.575672
117.658806	39.575786
117.666749	39.577534
117.671088	39.580590
117.676034	39.583432
117.678940	39.585087
117.682486	39.585381
117.686685	39.583859
117.693595	39.580556
117.698769	39.576078
117.703315	39.572727
117.706948	39.570045
117.705246	39.567729
117.699311	39.568306
117.693093	39.568192
117.687485	39.567857
117.684036	39.564591
117.685310	39.561637
117.685661	39.559814
117.692535	39.557655
117.698249	39.554786
117.702164	39.552798
117.705811	39.549665
117.708908	39.545375
117.711684	39.541537
117.712090	39.540158
117.729004	39.543598
117.734847	39.551978
117.737976	39.558339
117.739043	39.564960
117.739807	39.571357
117.741142	39.577058
117.744392	39.587765
117.754630	39.594242
117.765137	39.597431
117.772811	39.598534
117.782600	39.599065
117.791817	39.600517
117.799233	39.600854
117.805740	39.600749
117.818070	39.596656
117.823654	39.595193
117.829201	39.592353
117.838044	39.591065
117.849891	39.591099
117.856797	39.594413
117.865800	39.598614
117.875550	39.597991
117.887048	39.596200
117.895255	39.593312
117.904663	39.590862
117.913764	39.588189
117.920478	39.585098
117.929809	39.580132
117.932952	39.576182
117.933365	39.570225
117.930121	39.560666
117.924934	39.555260
117.921265	39.551205
117.916695	39.546704
117.911498	39.541070
117.907448	39.534046
117.904511	39.524713
117.902879	39.519471
117.902886	39.509399
117.901183	39.501643
117.897956	39.492312
117.892967	39.483472
117.891524	39.477676
117.891150	39.477272
117.884933	39.466510
117.879319	39.459183
117.875771	39.456895
117.873109	39.451858
117.869264	39.448425
117.871484	39.444977
117.873353	39.439965
117.874946	39.434037
117.874513	39.426254
117.871796	39.414097
117.871734	39.402202
117.870697	39.394870
117.871903	39.391406
117.878722	39.388935
117.884452	39.392960
117.889892	39.397446
117.895020	39.401019
117.901040	39.405040
117.909958	39.406947
117.919434	39.407700
117.927986	39.407326
117.935021	39.405600
117.941499	39.404800
117.955224	39.399750
117.962547	39.397564
117.969635	39.387825
117.968543	39.380974
117.970337	39.371785
117.981422	39.367471
117.995872	39.366981
118.004647	39.364303
118.010475	39.361912
118.014176	39.357265
118.017777	39.349643
118.019379	39.344121
118.021264	39.338136
118.022590	39.333302
118.022980	39.326656
118.023673	39.320461
118.024956	39.314260
118.026887	39.300254
118.026656	39.292706
118.027062	39.287518
118.032174	39.280239
118.037598	39.274646
118.042731	39.269057
118.049042	39.263218
118.054574	39.261055
118.061135	39.254068
118.062111	39.247638
118.062790	39.240985
118.063300	39.235488
118.064269	39.234307
118.064736	39.232384
118.067460	39.221191
118.023429	39.221036
118.012688	39.218194
118.007637	39.218194
118.007637	39.217918
118.006805	39.217918
118.006805	39.218194
118.001527	39.218183
118.001527	39.218472
118.000419	39.218472
118.000419	39.218183
118.000136	39.218194
117.999863	39.218194
117.998748	39.218194
117.998748	39.217918
117.998475	39.217918
117.998475	39.218194
117.997916	39.218183
117.997916	39.218472
117.995972	39.218472
117.995972	39.218750
117.992362	39.218750
117.992362	39.218472
117.990135	39.218472
117.990135	39.218194
117.988748	39.218194
117.988748	39.217918
117.985420	39.217923
117.985420	39.217640
117.981529	39.217640
117.981529	39.217362
117.980141	39.217362
117.980141	39.217079
117.978751	39.217084
117.978751	39.216804
117.976249	39.216804
117.976249	39.216526
117.974029	39.216530
117.974029	39.216252
117.973197	39.216252
117.973197	39.215970
117.970414	39.215972
117.970414	39.215694
117.970138	39.215694
117.970138	39.215416
117.969865	39.215416
117.969865	39.215694
117.969582	39.215694
117.969582	39.215972
117.966804	39.215972
117.966804	39.215694
117.965416	39.215694
117.965416	39.215972
117.963752	39.215972
117.963752	39.215694
117.963470	39.215694
117.963470	39.215416
117.961250	39.215432
117.961250	39.215142
117.959030	39.215142
117.959030	39.214860
117.955695	39.214862
117.955695	39.214584
117.954307	39.214584
117.954307	39.214306
117.953293	39.214310
117.952637	39.214310
117.952637	39.214078
117.952179	39.214035
117.952081	39.213750
117.951531	39.213750
117.951531	39.213469
117.950417	39.213469
117.950417	39.213200
117.949189	39.213200
117.948471	39.213100
117.948471	39.212640
117.947128	39.212640
117.945968	39.212640
117.945968	39.212371
117.944313	39.212371
117.944313	39.212081
117.944031	39.212081
117.944031	39.211810
117.943176	39.211810
117.943108	39.211553
117.940140	39.211530
117.940140	39.211249
117.939582	39.211249
117.939582	39.210971
117.939026	39.210971
117.939026	39.210755
117.937638	39.210693
117.937638	39.210415
117.935418	39.210415
117.935418	39.210140
117.932906	39.210140
117.932906	39.209861
117.931808	39.209861
117.931808	39.209579
117.930137	39.209583
117.930137	39.209305
117.928473	39.209305
117.928473	39.209027
117.926529	39.209030
117.926529	39.208752
117.924859	39.208752
117.924859	39.209030
117.924310	39.209030
117.924310	39.208752
117.923188	39.208752
117.923188	39.208469
117.921249	39.208473
117.921249	39.208195
117.919305	39.208195
117.919305	39.207917
117.919029	39.207920
117.919029	39.207359
117.917076	39.207359
117.917076	39.207642
117.915970	39.207642
117.915970	39.207359
117.915694	39.207359
117.915694	39.206249
117.915970	39.206249
117.915970	39.205695
117.915414	39.205700
117.915414	39.205422
117.915138	39.205422
117.915138	39.205139
117.914856	39.205139
117.914856	39.204861
117.914582	39.204861
117.914582	39.204583
117.913468	39.204583
117.913468	39.204300
117.912086	39.204303
117.912086	39.204029
117.910699	39.204029
117.910699	39.203751
117.909860	39.203751
117.909860	39.203473
117.909577	39.203473
117.909577	39.203202
117.908752	39.203202
117.908752	39.202919
117.908470	39.202919
117.908470	39.202641
117.907913	39.202641
117.907913	39.202363
117.907357	39.202363
117.907357	39.202080
117.906808	39.202083
117.906808	39.201805
117.904862	39.201809
117.904862	39.201531
117.903198	39.201531
117.903191	39.201251
117.902077	39.201251
117.902077	39.200971
117.900139	39.200973
117.900139	39.200695
117.899032	39.200699
117.899032	39.200433
117.897919	39.200433
117.897919	39.200141
117.897361	39.200141
117.897361	39.199861
117.895973	39.199861
117.895973	39.199589
117.894859	39.199589
117.894859	39.199311
117.894302	39.199311
117.894302	39.199031
117.893753	39.199031
117.893753	39.198751
117.893197	39.198751
117.893197	39.198470
117.891807	39.198470
117.891807	39.198188
117.891524	39.198192
117.891524	39.197919
117.890975	39.197921
117.890975	39.197638
117.890419	39.197638
117.890419	39.197360
117.889304	39.197360
117.889304	39.197082
117.888472	39.197082
117.888472	39.196804
117.887916	39.196804
117.887916	39.196529
117.886802	39.196529
117.886802	39.196250
117.885972	39.196250
117.885972	39.195968
117.884865	39.195972
117.884865	39.195694
117.884026	39.195694
117.884026	39.195416
117.883750	39.195419
117.883750	39.195141
117.883470	39.195141
117.883470	39.194858
117.883194	39.194862
117.883194	39.194584
117.882638	39.194584
117.882638	39.194306
117.881530	39.194306
117.881530	39.194026
117.880967	39.194031
117.880967	39.193748
117.880691	39.193748
117.880691	39.193470
117.880142	39.193474
117.880142	39.193196
117.879860	39.193199
117.879860	39.192921
117.879303	39.192921
117.879303	39.192643
117.879028	39.192643
117.879028	39.192360
117.877068	39.192360
117.877068	39.192089
117.875969	39.192082
117.875969	39.191811
117.875686	39.191811
117.875686	39.191533
117.874581	39.191533
117.874581	39.191811
117.870408	39.191811
117.870408	39.191533
117.869859	39.191533
117.869859	39.191261
117.869583	39.191261
117.869583	39.190972
117.869027	39.190972
117.869027	39.190689
117.868751	39.190694
117.868751	39.190418
117.868188	39.190423
117.868188	39.190140
117.867637	39.190140
117.867637	39.189862
117.866807	39.189862
117.866807	39.189579
117.865975	39.189582
117.865975	39.189304
117.865136	39.189304
117.865136	39.189030
117.864861	39.189030
117.864861	39.188752
117.864585	39.188752
117.864585	39.188469
117.864304	39.188472
117.864304	39.188194
117.864029	39.188203
117.864029	39.187920
117.863746	39.187920
117.863746	39.187642
117.862923	39.187642
117.862923	39.187360
117.861809	39.187362
117.861809	39.187084
117.860970	39.187084
117.860970	39.186806
117.860138	39.186810
117.860138	39.186530
117.859033	39.186530
117.859033	39.186250
117.857918	39.186250
117.857918	39.185969
117.857086	39.185974
117.857086	39.185696
117.856248	39.185700
117.856248	39.185420
117.855140	39.185420
117.855140	39.185131
117.854308	39.185140
117.854308	39.184859
117.854028	39.184859
117.854028	39.184581
117.853752	39.184581
117.853752	39.184310
117.853469	39.184310
117.853469	39.184030
117.853187	39.184030
117.853187	39.183749
117.852897	39.183749
117.852897	39.183471
117.852355	39.183471
117.852355	39.183189
117.851525	39.183193
117.851525	39.182918
117.850967	39.182918
117.850967	39.182639
117.850693	39.182639
117.850693	39.182361
117.850135	39.182361
117.850135	39.182083
117.849586	39.182083
117.849586	39.181805
117.849030	39.181805
117.849030	39.181527
117.848474	39.181530
117.848474	39.181251
117.847915	39.181251
117.847915	39.180973
117.847642	39.180973
117.847642	39.180695
117.847359	39.180695
117.847359	39.180415
117.846801	39.180420
117.846801	39.180142
117.846527	39.180142
117.846527	39.179859
117.844857	39.179859
117.844857	39.180142
117.844581	39.180142
117.844581	39.180420
117.844307	39.180420
117.844307	39.180142
117.843193	39.180142
117.843193	39.179859
117.842637	39.179863
117.842637	39.179585
117.842361	39.179585
117.842361	39.179305
117.841798	39.179321
117.841798	39.179032
117.841249	39.179032
117.841249	39.178749
117.840957	39.178749
117.840957	39.178471
117.840697	39.178471
117.840690	39.178200
117.839858	39.178200
117.839858	39.177922
117.839576	39.177922
117.839576	39.177639
117.839027	39.177639
117.839027	39.177361
117.838753	39.177361
117.838753	39.177083
117.838470	39.177083
117.838470	39.176812
117.837639	39.176812
117.837639	39.176529
117.837082	39.176529
117.837082	39.176262
117.834031	39.176262
117.834031	39.175973
117.833192	39.175973
117.833192	39.175690
117.832643	39.175693
117.832643	39.175415
117.832360	39.175419
117.832360	39.175141
117.831788	39.175141
117.831788	39.174861
117.831252	39.174861
117.831252	39.174580
117.830970	39.174583
117.830970	39.174305
117.830696	39.174309
117.830696	39.174031
117.830140	39.174031
117.830140	39.173751
117.829858	39.173751
117.829858	39.173470
117.829026	39.173473
117.829026	39.173195
117.828750	39.173195
117.828750	39.172917
117.828187	39.172921
117.828187	39.172641
117.827918	39.172641
117.827918	39.172361
117.827638	39.172361
117.827638	39.172080
117.827079	39.172085
117.827079	39.171807
117.825981	39.171811
117.825981	39.171531
117.825691	39.171531
117.825691	39.170970
117.825416	39.170970
117.825416	39.170699
117.824577	39.170699
117.824577	39.170421
117.824028	39.170421
117.824028	39.170132
117.823471	39.170138
117.823471	39.169860
117.823196	39.169860
117.823196	39.169582
117.822913	39.169582
117.822913	39.169028
117.822357	39.169028
117.822357	39.168750
117.822083	39.168750
117.822083	39.168468
117.821808	39.168472
117.821808	39.167916
117.821534	39.167919
117.821534	39.167640
117.821252	39.167640
117.821252	39.167362
117.820969	39.167362
117.820969	39.167091
117.820686	39.167091
117.820686	39.166809
117.820420	39.166809
117.820420	39.166252
117.820137	39.166252
117.820137	39.165699
117.819848	39.165699
117.819848	39.165421
117.819581	39.165421
117.819581	39.165143
117.818466	39.165143
117.818466	39.164860
117.818191	39.164860
117.818191	39.164589
117.817917	39.164589
117.817917	39.164322
117.817641	39.164322
117.817641	39.164033
117.817361	39.164033
117.817361	39.163750
117.816787	39.163750
117.816787	39.163472
117.816529	39.163472
117.816529	39.163189
117.815971	39.163194
117.815971	39.162918
117.815697	39.162923
117.815697	39.162640
117.815408	39.162640
117.815408	39.162362
117.814859	39.162362
117.814859	39.162079
117.814583	39.162082
117.814583	39.161804
117.814309	39.161804
117.814309	39.161530
117.814027	39.161530
117.814027	39.161252
117.813751	39.161252
117.813751	39.160969
117.813195	39.160972
117.813195	39.160694
117.812919	39.160694
117.812919	39.160416
117.812636	39.160420
117.812636	39.160142
117.812363	39.160142
117.812363	39.159859
117.811807	39.159862
117.811807	39.159584
117.811531	39.159584
117.811531	39.159306
117.810982	39.159310
117.810982	39.159030
117.810692	39.159030
117.810692	39.158750
117.810417	39.158750
117.810417	39.158469
117.810143	39.158474
117.810143	39.157918
117.809860	39.157920
117.809860	39.157640
117.809304	39.157640
117.809304	39.157359
117.809029	39.157359
117.809029	39.157081
117.808472	39.157081
117.808472	39.156810
117.808197	39.156810
117.808197	39.156527
117.807907	39.156527
117.807907	39.155971
117.807641	39.155971
117.807641	39.155689
117.807358	39.155693
117.807358	39.155417
117.807082	39.155422
117.807082	39.155151
117.806526	39.155151
117.806526	39.154861
117.805970	39.154861
117.805970	39.154579
117.805138	39.154583
117.805138	39.154305
117.804580	39.154305
117.804580	39.154025
117.804306	39.154029
117.804306	39.153790
117.804030	39.153751
117.804030	39.153469
117.803474	39.153473
117.803474	39.153195
117.802918	39.153195
117.802918	39.152915
117.802360	39.152920
117.802360	39.152641
117.802102	39.152641
117.802102	39.152359
117.801804	39.152363
117.801804	39.152085
117.801528	39.152092
117.801528	39.151810
117.800972	39.151810
117.800972	39.151532
117.800698	39.151532
117.800698	39.151249
117.800140	39.151249
117.800140	39.150971
117.799857	39.150971
117.799857	39.150700
117.799575	39.150700
117.799575	39.150422
117.799308	39.150422
117.799308	39.150139
117.799025	39.150139
117.799025	39.149861
117.798752	39.149861
117.798752	39.149583
117.798469	39.149583
117.798469	39.149312
117.798187	39.149312
117.798187	39.149029
117.797920	39.149029
117.797920	39.148751
117.797637	39.148751
117.797637	39.148473
117.797081	39.148473
117.797081	39.148190
117.796523	39.148193
117.796523	39.147915
117.795693	39.147915
117.795693	39.147641
117.795135	39.147641
117.795135	39.147361
117.794861	39.147361
117.794861	39.147080
117.794303	39.147083
117.794303	39.146805
117.794030	39.146805
117.794030	39.146527
117.793747	39.146531
117.793747	39.145961
117.793198	39.145973
117.793198	39.145695
117.792915	39.145695
117.792915	39.145417
117.792359	39.145421
117.792359	39.145141
117.792076	39.145141
117.792076	39.144858
117.791810	39.144858
117.791810	39.144309
117.791527	39.144309
117.791527	39.144031
117.791251	39.144031
117.791251	39.143210
117.790207	39.143204
117.789018	39.143210
117.789018	39.142921
117.788749	39.142921
117.788749	39.142638
117.788475	39.142638
117.788475	39.142360
117.788193	39.142360
117.788193	39.141800
117.787919	39.141804
117.787919	39.141250
117.787637	39.141250
117.787637	39.140282
117.787568	39.140145
117.787361	39.140152
117.787361	39.139924
117.787087	39.139767
117.787087	39.139026
117.786812	39.139030
117.786812	39.138752
117.786529	39.138752
117.786529	39.136533
117.786246	39.136533
117.786246	39.135972
117.785973	39.135972
117.785973	39.135423
117.785697	39.135423
117.785697	39.135140
117.785417	39.135140
117.785417	39.134862
117.785141	39.134862
117.785141	39.134021
117.784858	39.134030
117.784858	39.133752
117.784576	39.133752
117.784576	39.133189
117.784302	39.133194
117.784302	39.132916
117.784026	39.132920
117.784026	39.132359
117.783753	39.132362
117.783753	39.131806
117.783470	39.131810
117.783470	39.131530
117.783204	39.131530
117.783204	39.130958
117.782914	39.130974
117.782914	39.130696
117.782638	39.130700
117.782638	39.130420
117.781807	39.130420
117.781807	39.130142
117.781517	39.130142
117.781517	39.129859
117.781250	39.129859
117.781250	39.129588
117.780968	39.129581
117.780968	39.129310
117.780678	39.129310
117.780678	39.129032
117.780419	39.129032
117.780419	39.128749
117.780136	39.128749
117.780136	39.128189
117.779587	39.128193
117.779587	39.127917
117.779297	39.127922
117.779297	39.127079
117.779031	39.127083
117.779031	39.126805
117.778748	39.126805
117.778748	39.126529
117.778472	39.126529
117.778472	39.126251
117.778199	39.126251
117.778190	39.125969
117.777916	39.125973
117.777916	39.125695
117.777640	39.125695
117.777640	39.125415
117.777360	39.125419
117.777360	39.125148
117.777077	39.125148
117.777077	39.124859
117.776252	39.124863
117.776252	39.124585
117.775970	39.124585
117.775970	39.124027
117.775696	39.124031
117.775696	39.123749
117.775407	39.123749
117.775407	39.123471
117.773292	39.123473
117.772918	39.123473
117.772918	39.123195
117.772086	39.123200
117.772086	39.122922
117.771813	39.122922
117.771813	39.122639
117.771530	39.122639
117.771530	39.122361
117.771247	39.122361
117.771247	39.122083
117.770974	39.122083
117.770974	39.121812
117.770691	39.121812
117.770691	39.121251
117.770415	39.121251
117.770415	39.120690
117.770142	39.120693
117.770142	39.120419
117.769859	39.120419
117.769859	39.120141
117.769303	39.120141
117.769303	39.119861
117.769027	39.119861
117.769027	39.119300
117.768471	39.119305
117.768471	39.119027
117.768196	39.119027
117.768196	39.118473
117.767913	39.118473
117.767913	39.117917
117.767639	39.117919
117.767639	39.117358
117.767364	39.117363
117.767364	39.116807
117.767083	39.116809
117.767083	39.116531
117.766808	39.116531
117.766808	39.116248
117.766251	39.116248
117.766251	39.115982
117.765679	39.115982
117.765679	39.115699
117.765420	39.115699
117.765420	39.115421
117.765137	39.115421
117.765137	39.115138
117.764861	39.115138
117.764861	39.114860
117.764581	39.114860
117.764581	39.114582
117.764305	39.114582
117.764305	39.113750
117.764032	39.113750
117.764032	39.113472
117.763749	39.113472
117.763749	39.112918
117.763466	39.112918
117.763466	39.112640
117.763191	39.112640
117.763191	39.112080
117.762917	39.112084
117.762917	39.111804
117.762641	39.111804
117.762641	39.111526
117.762359	39.111530
117.762359	39.111252
117.762078	39.111252
117.762078	39.110970
117.761803	39.110974
117.761803	39.110694
117.761529	39.110694
117.761529	39.110416
117.761253	39.110420
117.761253	39.110142
117.760971	39.110142
117.760971	39.109851
117.760697	39.109860
117.760697	39.109584
117.760415	39.109584
117.760415	39.109306
117.760139	39.109311
117.760139	39.109032
117.759872	39.109032
117.759872	39.108750
117.759027	39.108750
117.759027	39.108472
117.758751	39.108472
117.758751	39.107923
117.758468	39.107923
117.758468	39.107640
117.758186	39.107640
117.758186	39.107079
117.757636	39.107082
117.757636	39.106804
117.757363	39.106804
117.757363	39.106530
117.756798	39.106530
117.756798	39.106250
117.756531	39.106250
117.756531	39.105969
117.756248	39.105972
117.756248	39.105694
117.755975	39.105694
117.755975	39.105140
117.755692	39.105140
117.755692	39.104862
117.755416	39.104862
117.755416	39.104579
117.755143	39.104584
117.755143	39.104306
117.754860	39.104310
117.754860	39.104041
117.754594	39.104041
117.754594	39.103752
117.754302	39.103752
117.754302	39.103469
117.754028	39.103474
117.754028	39.103196
117.753739	39.103198
117.753739	39.102920
117.753472	39.102920
117.753472	39.102642
117.752907	39.102642
117.752907	39.102359
117.752640	39.102359
117.752640	39.102088
117.752358	39.102088
117.752358	39.101810
117.752082	39.101810
117.752082	39.101532
117.751809	39.101532
117.751809	39.101249
117.751250	39.101249
117.751250	39.100978
117.750970	39.100978
117.750970	39.100739
117.750740	39.100693
117.750694	39.100417
117.750213	39.100422
117.750138	39.100139
117.749862	39.100139
117.749862	39.099861
117.749580	39.099861
117.749580	39.099579
117.749306	39.099583
117.749306	39.099305
117.749030	39.099305
117.749030	39.099029
117.748748	39.099029
117.748748	39.098469
117.747918	39.098473
117.747918	39.098195
117.747642	39.098195
117.747642	39.097915
117.747086	39.097915
117.747086	39.097637
117.746804	39.097641
117.746804	39.097359
117.745972	39.097363
117.745972	39.097083
117.745416	39.097083
117.745416	39.096805
117.744857	39.096809
117.744857	39.096531
117.744308	39.096531
117.744308	39.096249
117.743469	39.096249
117.743469	39.096146
117.743469	39.095971
117.742920	39.095973
117.742920	39.095695
117.742081	39.095700
117.742081	39.095421
117.740967	39.095421
117.740967	39.095139
117.739586	39.095139
117.739586	39.094849
117.739433	39.094852
117.739029	39.094861
117.739029	39.094580
117.738198	39.094580
117.738198	39.094312
117.736251	39.094312
117.736251	39.094029
117.734581	39.094029
117.734581	39.093751
117.733466	39.093751
117.733466	39.093471
117.732087	39.093471
117.732087	39.093190
117.731805	39.093193
117.731805	39.092083
117.731529	39.092083
117.731529	39.091805
117.731246	39.091811
117.731246	39.091529
117.730973	39.091529
117.730973	39.091251
117.730697	39.091251
117.730697	39.090419
117.730423	39.090419
117.730423	39.090141
117.729569	39.090141
117.729569	39.089580
117.729309	39.089585
117.729309	39.089029
117.729026	39.089040
117.729026	39.088199
117.728753	39.088199
117.728753	39.087638
117.728470	39.087638
117.728470	39.087360
117.728753	39.087360
117.728753	39.087082
117.729026	39.087082
117.729026	39.086250
117.729309	39.086250
117.729309	39.085972
117.729569	39.085972
117.729569	39.085683
117.730141	39.085694
117.730141	39.085414
117.730973	39.085414
117.730973	39.085140
117.731795	39.085140
117.731795	39.084862
117.732361	39.084862
117.732361	39.084580
117.732636	39.084584
117.732636	39.084304
117.733193	39.084304
117.733193	39.084026
117.733749	39.084030
117.733749	39.083752
117.734307	39.083752
117.734307	39.083470
117.734581	39.083474
117.734581	39.083194
117.735139	39.083194
117.735139	39.082916
117.735419	39.082916
117.735419	39.082638
117.735702	39.082642
117.735702	39.082360
117.735969	39.082360
117.735969	39.082082
117.736251	39.082084
117.736251	39.081806
117.736810	39.081810
117.736810	39.081532
117.737359	39.081532
117.737359	39.081250
117.739029	39.081250
117.739029	39.080972
117.739861	39.080972
117.739861	39.080701
117.740693	39.080701
117.740693	39.080423
117.741249	39.080423
117.741249	39.080140
117.741532	39.080140
117.741532	39.079873
117.741799	39.079873
117.741799	39.079582
117.742081	39.079582
117.742081	39.079299
117.742637	39.079303
117.742637	39.079030
117.743469	39.079030
117.743469	39.078750
117.745140	39.078750
117.745140	39.078472
117.746247	39.078472
117.746247	39.078189
117.748748	39.078194
117.748748	39.077915
117.750138	39.077920
117.750138	39.077640
117.750970	39.077640
117.750970	39.077362
117.752358	39.077362
117.752358	39.077079
117.753297	39.077079
117.757080	39.077084
117.757080	39.076806
117.757363	39.076808
117.757363	39.076252
117.757636	39.076252
117.757636	39.075969
117.757919	39.075974
117.757919	39.075696
117.758186	39.075698
117.758186	39.075420
117.758751	39.075420
117.758751	39.075142
117.759033	39.075142
117.759033	39.074859
117.759307	39.074859
117.759307	39.074581
117.759583	39.074586
117.759583	39.074308
117.759872	39.074310
117.759872	39.073742
117.760139	39.073749
117.760139	39.072917
117.760405	39.072922
117.760405	39.072361
117.760697	39.072361
117.760697	39.071251
117.760971	39.071251
117.760971	39.069859
117.760697	39.069863
117.760697	39.067639
117.760405	39.067641
117.760405	39.066251
117.759865	39.066251
117.759865	39.065971
117.759583	39.065971
117.759583	39.064578
117.759307	39.064583
117.759307	39.063473
117.758751	39.063473
117.758751	39.063195
117.758468	39.063195
117.758468	39.061526
117.758325	39.061531
117.758186	39.061531
117.758186	39.060421
117.758445	39.060421
117.758468	39.060138
117.758751	39.060138
117.758751	39.059582
117.759033	39.059582
117.759027	39.059306
117.758751	39.059311
117.758751	39.057640
117.758468	39.057640
117.758468	39.057362
117.757919	39.057362
117.757919	39.057080
117.757636	39.057084
117.757636	39.055138
117.757919	39.055142
117.757919	39.054582
117.758195	39.054584
117.758195	39.054306
117.758523	39.054310
117.758751	39.054310
117.758751	39.050420
117.758568	39.050420
117.758468	39.050420
117.758468	39.048469
117.758195	39.048474
117.758195	39.048196
117.757919	39.048196
117.757919	39.043751
117.758195	39.043751
117.758195	39.043473
117.758653	39.043473
117.759027	39.043473
117.759027	39.043193
117.759307	39.043193
117.759307	39.042915
117.759583	39.042919
117.759583	39.042641
117.760139	39.042641
117.760139	39.042363
117.760697	39.042363
117.760697	39.042081
117.761529	39.042083
117.761529	39.041805
117.761803	39.041809
117.761803	39.041531
117.762078	39.041531
117.762078	39.040141
117.762359	39.040141
117.762359	39.039590
117.762641	39.039590
117.762641	39.038470
117.762931	39.038470
117.762917	39.036529
117.763191	39.036529
117.763191	39.035690
117.763473	39.035694
117.763473	39.034863
117.763749	39.034863
117.763749	39.032638
117.763466	39.032638
117.763466	39.032360
117.762641	39.032360
117.762641	39.032638
117.760405	39.032638
117.760405	39.032360
117.760139	39.032360
117.760139	39.032082
117.759865	39.032082
117.759865	39.031806
117.759583	39.031806
117.759583	39.031250
117.759307	39.031250
117.759307	39.030140
117.759027	39.030140
117.759027	39.029584
117.758751	39.029584
117.758751	39.027638
117.759033	39.027642
117.759033	39.027082
117.759307	39.027084
117.759307	39.026806
117.761253	39.026810
117.761253	39.025420
117.760971	39.025420
117.760971	39.022079
117.761253	39.022083
117.761253	39.021252
117.761529	39.021252
117.761529	39.020420
117.761803	39.020420
117.761803	39.020142
117.762078	39.020142
117.762078	39.019859
117.762359	39.019859
117.762359	39.019310
117.762641	39.019310
117.762641	39.018471
117.762931	39.018471
117.762917	39.017361
117.763191	39.017361
117.763191	39.017083
117.763466	39.017083
117.763466	39.016529
117.763749	39.016529
117.763749	39.016251
117.764032	39.016251
117.764032	39.015973
117.764312	39.015973
117.764305	39.015693
117.764581	39.015693
117.764581	39.015415
117.764861	39.015419
117.764861	39.015141
117.765137	39.015141
117.765137	39.014863
117.766251	39.014863
117.766251	39.014581
117.766525	39.014583
117.766525	39.014027
117.766808	39.014031
117.766808	39.013760
117.767357	39.013760
117.767357	39.013471
117.767913	39.013473
117.767913	39.013195
117.768196	39.013199
117.768196	39.012921
117.770415	39.012921
117.770415	39.012641
117.770691	39.012641
117.770691	39.012361
117.770974	39.012361
117.770974	39.011811
117.771247	39.011811
117.771247	39.011531
117.771530	39.011531
117.771530	39.010970
117.771247	39.010970
117.771247	39.009860
117.770974	39.009860
117.770974	39.008751
117.771247	39.008751
117.771247	39.008468
117.771806	39.008472
117.771806	39.008194
117.772086	39.008194
117.772086	39.007636
117.772362	39.007636
117.772362	39.007084
117.772635	39.007084
117.772635	39.006526
117.772918	39.006531
117.772918	39.002640
117.772635	39.002640
117.772635	39.000142
117.772635	38.999860
117.772635	38.999584
117.772362	38.999584
117.772362	38.999028
117.772086	38.999030
117.772086	38.998513
117.772086	38.997081
117.772362	38.997081
117.772362	38.996528
117.772635	38.996528
117.772635	38.996249
117.772918	38.996249
117.772918	38.995971
117.773194	38.995971
117.773194	38.995689
117.773750	38.995693
117.773750	38.995418
117.774016	38.995399
117.774026	38.995140
117.774308	38.995140
117.774308	38.994861
117.774582	38.994861
117.774582	38.994579
117.774864	38.994583
117.774864	38.994305
117.775085	38.994305
117.775414	38.994305
117.775414	38.994027
117.775696	38.994030
117.775696	38.993752
117.776252	38.993752
117.776252	38.993469
117.776528	38.993473
117.776528	38.993195
117.777084	38.993195
117.777084	38.992915
117.777360	38.992920
117.777360	38.992648
117.777640	38.992648
117.777640	38.992359
117.777916	38.992364
117.777916	38.992085
117.778190	38.992085
117.778199	38.991805
117.778472	38.991810
117.778472	38.991532
117.778748	38.991532
117.778748	38.990971
117.779031	38.990971
117.779031	38.990422
117.779297	38.990422
117.779297	38.988402
117.779297	38.987919
117.779031	38.987919
117.779031	38.986520
117.778748	38.986527
117.778748	38.985417
117.779031	38.985421
117.779031	38.984580
117.779587	38.984585
117.779587	38.984307
117.780419	38.984309
117.780419	38.984031
117.780678	38.984031
117.780678	38.983748
117.781250	38.983748
117.781250	38.983459
117.781524	38.983470
117.781524	38.983197
117.782082	38.983199
117.782082	38.982921
117.782356	38.982921
117.782356	38.982638
117.782914	38.982638
117.782914	38.982360
117.783204	38.982360
117.783195	38.982082
117.783470	38.982082
117.783470	38.982003
117.783470	38.981804
117.784026	38.981804
117.784026	38.981529
117.784302	38.981529
117.784302	38.981250
117.784576	38.981250
117.784576	38.980968
117.784858	38.980972
117.784858	38.980694
117.785417	38.980694
117.785417	38.980416
117.785697	38.980419
117.785697	38.980141
117.785973	38.980141
117.785973	38.979862
117.786529	38.979862
117.786529	38.979580
117.786805	38.979584
117.786805	38.979306
117.787101	38.979309
117.787101	38.979031
117.787361	38.979031
117.787361	38.978753
117.787919	38.978753
117.787919	38.978470
117.788193	38.978474
117.788193	38.978194
117.788482	38.978199
117.788482	38.977921
117.788749	38.977921
117.788749	38.977649
117.789307	38.977649
117.789307	38.977360
117.789581	38.977360
117.789581	38.977089
117.789307	38.977089
117.789307	38.976811
117.789018	38.976811
117.789018	38.976250
117.788749	38.976250
117.788749	38.975972
117.788475	38.975972
117.788475	38.975418
117.788193	38.975423
117.788193	38.974862
117.787919	38.974862
117.787919	38.974301
117.787637	38.974304
117.787637	38.974030
117.787361	38.974030
117.787361	38.973470
117.787087	38.973472
117.787087	38.973194
117.786805	38.973194
117.786805	38.972916
117.785141	38.972916
117.785141	38.973194
117.784026	38.973194
117.784026	38.973472
117.783470	38.973470
117.783470	38.973752
117.782914	38.973752
117.782914	38.974030
117.782365	38.974030
117.782365	38.974304
117.781250	38.974304
117.781250	38.974582
117.780419	38.974579
117.780419	38.974862
117.779587	38.974862
117.779587	38.975140
117.778748	38.975140
117.778748	38.975423
117.775696	38.975423
117.775696	38.975972
117.774582	38.975972
117.774582	38.976250
117.773750	38.976250
117.773750	38.976533
117.773194	38.976533
117.773194	38.976811
117.772362	38.976811
117.772362	38.977089
117.771806	38.977084
117.771813	38.977360
117.771247	38.977360
117.771247	38.977649
117.770415	38.977649
117.770415	38.977921
117.769859	38.977921
117.769859	38.978199
117.769584	38.978194
117.769584	38.978474
117.769303	38.978470
117.769303	38.978753
117.767083	38.978753
117.767083	38.979031
117.766532	38.979031
117.766532	38.978753
117.766251	38.978753
117.766251	38.978470
117.765976	38.978474
117.765976	38.978194
117.765679	38.978199
117.765679	38.977921
117.765420	38.977921
117.765420	38.976250
117.764861	38.976250
117.764861	38.975972
117.762917	38.975972
117.762931	38.976250
117.761803	38.976250
117.761803	38.976533
117.761529	38.976533
117.761529	38.977089
117.761253	38.977089
117.761253	38.978657
117.761253	38.979031
117.760971	38.979026
117.760971	38.979584
117.760697	38.979580
117.760697	38.980141
117.760971	38.980141
117.760971	38.980972
117.760697	38.980968
117.760697	38.981250
117.760405	38.981250
117.760405	38.981529
117.760139	38.981529
117.760139	38.981804
117.759027	38.981804
117.759027	38.981529
117.758751	38.981529
117.758751	38.980038
117.758751	38.979580
117.758468	38.979584
117.758468	38.979306
117.758751	38.979309
117.758751	38.978753
117.758468	38.978753
117.758468	38.978470
117.758195	38.978474
117.758195	38.978194
117.756531	38.978194
117.756531	38.978474
117.755143	38.978470
117.755143	38.979031
117.754860	38.979031
117.754860	38.979309
117.754302	38.979306
117.754302	38.979584
117.754028	38.979580
117.754028	38.979862
117.753753	38.979862
117.753753	38.980972
117.754028	38.980972
117.754028	38.982082
117.754302	38.982078
117.754302	38.982638
117.754028	38.982638
117.754028	38.983131
117.753753	38.983197
117.753753	38.983470
117.753472	38.983459
117.753472	38.983616
117.753472	38.983748
117.753274	38.983748
117.753197	38.983803
117.753197	38.984309
117.752449	38.984309
117.751526	38.984309
117.751526	38.984031
117.750970	38.984031
117.750970	38.983748
117.750694	38.983748
117.750694	38.983520
117.750694	38.982638
117.750421	38.982638
117.750421	38.982078
117.750138	38.982082
117.750138	38.981529
117.749862	38.981529
117.749862	38.980968
117.749580	38.980972
117.749580	38.980694
117.747918	38.980694
117.747918	38.980972
117.747360	38.980968
117.747360	38.981250
117.746528	38.981250
117.746528	38.981529
117.746247	38.981529
117.746247	38.981804
117.745972	38.981804
117.745972	38.982082
117.745696	38.982078
117.745696	38.982360
117.745406	38.982360
117.745406	38.982921
117.745696	38.982921
117.745696	38.983199
117.746247	38.983199
117.746247	38.983748
117.746528	38.983748
117.746528	38.984008
117.746528	38.985187
117.746528	38.985421
117.746247	38.985421
117.746247	38.986251
117.745972	38.986251
117.745972	38.986527
117.744308	38.986527
117.744308	38.985973
117.744025	38.985973
117.744025	38.985695
117.743752	38.985695
117.743752	38.985553
117.743752	38.984858
117.743187	38.984858
117.743196	38.984348
117.742637	38.984309
117.742637	38.984031
117.742364	38.984031
117.742364	38.983748
117.740967	38.983748
117.740967	38.984309
117.740417	38.984307
117.740417	38.984585
117.739861	38.984585
117.739861	38.984801
117.739586	38.984858
117.739586	38.985141
117.736810	38.985141
117.736794	38.985421
117.736251	38.985417
117.736251	38.985695
117.735695	38.985695
117.735695	38.985973
117.735139	38.985971
117.735139	38.986251
117.734581	38.986251
117.734581	38.986527
117.734307	38.986527
117.734307	38.986251
117.733475	38.986251
117.733475	38.986527
117.732636	38.986527
117.732636	38.986805
117.732087	38.986805
117.732087	38.987083
117.731529	38.987081
117.731529	38.987361
117.731246	38.987361
117.731246	38.987641
117.730697	38.987641
117.730697	38.987919
117.729309	38.987915
117.729309	38.988193
117.728753	38.988190
117.728753	38.988473
117.727356	38.988473
117.727356	38.988751
117.726250	38.988751
117.726250	38.989029
117.724297	38.989029
117.724297	38.989590
117.723199	38.989590
117.723199	38.989312
117.722358	38.989312
117.722358	38.989590
117.721808	38.989590
117.721801	38.989861
117.721252	38.989861
117.721252	38.990422
117.720413	38.990422
117.720413	38.990700
117.719582	38.990700
117.719582	38.990422
117.718194	38.990422
117.718194	38.990139
117.717918	38.990139
117.717918	38.989312
117.717628	38.989312
117.717628	38.988473
117.717918	38.988473
117.717918	38.988190
117.718194	38.988193
117.718194	38.987641
117.718483	38.987641
117.718476	38.987361
117.719582	38.987361
117.719582	38.987081
117.720138	38.987083
117.720138	38.986805
117.720413	38.986805
117.720413	38.986527
117.721252	38.986527
117.721252	38.985973
117.721528	38.985973
117.721528	38.985695
117.722084	38.985695
117.722084	38.985417
117.722358	38.985421
117.722358	38.985141
117.722640	38.985141
117.722640	38.984580
117.722916	38.984585
117.722916	38.984307
117.724587	38.984307
117.724587	38.984585
117.724860	38.984580
117.724860	38.984858
117.726250	38.984858
117.726250	38.985141
117.727356	38.985141
117.727356	38.984858
117.727638	38.984858
117.727638	38.984031
117.727082	38.984031
117.727082	38.983748
117.726806	38.983748
117.726806	38.983197
117.727082	38.983199
117.727082	38.982921
117.728753	38.982921
117.728753	38.983199
117.730423	38.983199
117.730423	38.982921
117.730973	38.982921
117.730973	38.982638
117.731246	38.982638
117.731246	38.982360
117.730414	38.982360
117.730414	38.981529
117.730141	38.981529
117.730141	38.981250
117.730957	38.981262
117.730973	38.981529
117.731269	38.981529
117.731805	38.981529
117.731805	38.981804
117.732361	38.981804
117.732361	38.982082
117.732627	38.982078
117.732627	38.982360
117.733466	38.982360
117.733466	38.982638
117.733749	38.982638
117.733749	38.982921
117.734015	38.982921
117.734015	38.983199
117.734307	38.983199
117.734307	38.982823
117.734307	38.982638
117.734581	38.982638
117.734581	38.982360
117.735139	38.982360
117.735139	38.981250
117.735419	38.981250
117.735419	38.980968
117.735695	38.980972
117.735695	38.980694
117.735969	38.980694
117.735969	38.980416
117.736251	38.980419
117.736251	38.980141
117.737083	38.980141
117.737083	38.980694
117.737359	38.980694
117.737359	38.980416
117.737922	38.980419
117.737922	38.980141
117.738471	38.980141
117.738471	38.979862
117.738763	38.979862
117.738747	38.979584
117.739303	38.979584
117.739303	38.979306
117.739861	38.979309
117.739861	38.979031
117.740144	38.979031
117.740144	38.978753
117.740693	38.978753
117.740693	38.978199
117.740967	38.978199
117.740967	38.977921
117.741249	38.977921
117.741249	38.977649
117.741532	38.977649
117.741532	38.977360
117.742081	38.977360
117.742081	38.977089
117.742364	38.977089
117.742364	38.976811
117.742920	38.976811
117.742920	38.976533
117.744308	38.976533
117.744308	38.976811
117.744568	38.976811
117.744568	38.976533
117.745972	38.976533
117.745972	38.976250
117.747093	38.976250
117.747086	38.975972
117.748192	38.975972
117.748192	38.975689
117.749306	38.975692
117.749306	38.975972
117.750138	38.975972
117.750138	38.975689
117.750421	38.975692
117.750421	38.975418
117.751250	38.975423
117.751250	38.975140
117.751809	38.975140
117.751809	38.974862
117.753197	38.974862
117.753197	38.974579
117.753753	38.974582
117.753753	38.974304
117.754028	38.974304
117.754028	38.974030
117.754302	38.974030
117.754302	38.973470
117.754585	38.973472
117.754585	38.973194
117.756248	38.973194
117.756248	38.972916
117.757363	38.972920
117.757363	38.972640
117.760139	38.972640
117.760139	38.972360
117.765137	38.972362
117.765137	38.972084
117.766251	38.972084
117.766251	38.971806
117.766532	38.971810
117.766532	38.971519
117.766808	38.971528
117.766808	38.971250
117.767357	38.971250
117.767357	38.970969
117.767639	38.970974
117.767639	38.970696
117.767906	38.970700
117.767906	38.970140
117.768471	38.970140
117.768471	38.969859
117.770142	38.969859
117.770142	38.970140
117.775407	38.970140
117.775407	38.969859
117.775970	38.969859
117.775970	38.969581
117.776802	38.969581
117.776802	38.969310
117.778472	38.969310
117.778472	38.969027
117.780136	38.969027
117.780136	38.968749
117.781517	38.968749
117.781517	38.968478
117.782638	38.968478
117.782638	38.968189
117.784026	38.968193
117.784026	38.967639
117.783753	38.967639
117.783753	38.966801
117.783470	38.966805
117.783470	38.965973
117.783195	38.965973
117.783195	38.965137
117.782914	38.965142
117.782914	38.964310
117.782638	38.964310
117.782638	38.963749
117.782356	38.963749
117.782356	38.963200
117.782082	38.963200
117.782082	38.962639
117.781807	38.962639
117.781807	38.962083
117.780678	38.962083
117.780678	38.962361
117.779587	38.962361
117.779587	38.962639
117.774871	38.962639
117.774871	38.962922
117.773483	38.962922
117.773483	38.963200
117.770142	38.963200
117.770142	38.963471
117.769027	38.963471
117.769027	38.963749
117.768471	38.963749
117.768471	38.964032
117.765992	38.964032
117.765992	38.964310
117.765420	38.964305
117.765420	38.964585
117.763749	38.964585
117.763749	38.964863
117.759872	38.964859
117.759872	38.965142
117.758468	38.965142
117.758468	38.965420
117.757363	38.965415
117.757363	38.965695
117.755143	38.965695
117.755143	38.965973
117.753197	38.965969
117.753197	38.966251
117.749862	38.966251
117.749862	38.966530
117.748474	38.966525
117.748474	38.966805
117.745696	38.966805
117.745696	38.967083
117.742081	38.967079
117.742081	38.967361
117.741249	38.967361
117.741249	38.967639
117.740135	38.967639
117.740135	38.967361
117.739029	38.967361
117.739029	38.967639
117.737641	38.967639
117.737641	38.967922
117.735969	38.967918
117.735969	38.968193
117.733193	38.968189
117.733193	38.968478
117.732627	38.968490
117.732627	38.968749
117.732468	38.968749
117.732361	38.968749
117.732361	38.968929
117.732299	38.969027
117.731795	38.969027
117.731795	38.969310
117.731529	38.969310
117.731529	38.969581
117.727082	38.969581
117.727082	38.969859
117.724587	38.969859
117.724587	38.970140
117.721528	38.970140
117.721528	38.969859
117.720687	38.969859
117.720687	38.969581
117.720138	38.969581
117.720138	38.969310
117.719582	38.969310
117.719582	38.969027
117.718750	38.969027
117.718750	38.968749
117.718194	38.968749
117.718194	38.968478
117.717362	38.968478
117.717362	38.968189
117.716806	38.968193
117.716806	38.967361
117.717086	38.967361
117.717086	38.965691
117.716806	38.965695
117.716806	38.965415
117.715698	38.965420
117.715591	38.965142
117.714593	38.965142
117.714593	38.964859
117.714303	38.964863
117.714303	38.964585
117.714027	38.964585
117.714027	38.964305
117.713754	38.964310
117.713754	38.963749
117.713471	38.963749
117.713471	38.963471
117.713195	38.963471
117.713195	38.963200
117.712906	38.963200
117.712906	38.962922
117.712639	38.962922
117.712639	38.962639
117.712357	38.962639
117.712357	38.962361
117.712081	38.962361
117.712081	38.962083
117.711807	38.962083
117.711807	38.961529
117.711525	38.961529
117.711525	38.961251
117.711251	38.961251
117.711251	38.960971
117.710976	38.960971
117.710976	38.960693
117.710693	38.960693
117.710693	38.959861
117.710419	38.959861
117.710419	38.958471
117.710137	38.958473
117.710137	38.957917
117.709861	38.957919
117.709861	38.956809
117.709588	38.956809
117.709588	38.955970
117.709298	38.955970
117.709298	38.955138
117.709029	38.955138
117.709029	38.954028
117.708749	38.954028
117.708749	38.953190
117.708473	38.953194
117.708473	38.952084
117.708190	38.952084
117.708190	38.951248
117.707917	38.951252
117.707917	38.950143
117.707641	38.950143
117.707641	38.949311
117.707359	38.949311
117.707359	38.948472
117.707076	38.948472
117.707076	38.947351
117.706802	38.947362
117.706802	38.946530
117.706527	38.946530
117.706527	38.945420
117.706253	38.945420
117.706253	38.944579
117.705971	38.944584
117.705971	38.943750
117.705688	38.943750
117.705688	38.942642
117.705399	38.942642
117.705399	38.942088
117.705139	38.942081
117.705139	38.941810
117.704856	38.941810
117.704856	38.941539
117.704583	38.941539
117.704583	38.941249
117.704307	38.941249
117.704307	38.940971
117.704024	38.940971
117.704024	38.940693
117.703751	38.940693
117.703751	38.940417
117.703475	38.940422
117.703475	38.940139
117.703185	38.940139
117.703185	38.939861
117.702919	38.939861
117.702919	38.939579
117.702636	38.939583
117.702636	38.939305
117.702363	38.939305
117.702363	38.939029
117.702080	38.939029
117.702080	38.938751
117.701531	38.938751
117.701531	38.938469
117.701248	38.938473
117.701248	38.938195
117.700972	38.938195
117.700972	38.937915
117.700692	38.937920
117.700692	38.937641
117.700416	38.937641
117.700416	38.937359
117.700143	38.937363
117.700143	38.937083
117.699860	38.937083
117.699860	38.936805
117.699594	38.936810
117.699594	38.936532
117.699302	38.936532
117.699302	38.936249
117.699028	38.936249
117.699028	38.935971
117.698753	38.935973
117.698753	38.935695
117.698470	38.935700
117.698470	38.935410
117.698196	38.935417
117.698196	38.935139
117.697907	38.935139
117.697907	38.934861
117.697640	38.934861
117.697640	38.934583
117.697358	38.934583
117.697358	38.934312
117.697082	38.934312
117.697082	38.934029
117.696808	38.934029
117.696808	38.933751
117.696519	38.933751
117.696519	38.933471
117.696250	38.933471
117.696250	38.933190
117.695970	38.933193
117.695970	38.932919
117.695687	38.932919
117.695687	38.932641
117.695418	38.932641
117.695418	38.932349
117.695138	38.932361
117.695138	38.932083
117.694579	38.932083
117.694579	38.931805
117.694306	38.931805
117.694306	38.931527
117.694030	38.931531
117.694030	38.931251
117.693748	38.931251
117.693748	38.930968
117.693474	38.930973
117.693474	38.930695
117.693191	38.930695
117.693191	38.930417
117.692918	38.930419
117.692918	38.930141
117.692642	38.930141
117.692642	38.929858
117.692360	38.929863
117.692360	38.929585
117.692086	38.929585
117.692086	38.929307
117.691803	38.929309
117.691803	38.929031
117.691528	38.929031
117.691528	38.928748
117.691245	38.928748
117.691245	38.928470
117.690972	38.928470
117.690972	38.928199
117.690712	38.928199
117.690712	38.927921
117.690400	38.927921
117.690400	38.927360
117.690140	38.927360
117.690140	38.927082
117.689857	38.927082
117.689857	38.926811
117.689584	38.926811
117.689584	38.926528
117.689308	38.926528
117.689308	38.926250
117.689025	38.926250
117.689025	38.925972
117.688752	38.925972
117.688752	38.925690
117.688469	38.925694
117.688469	38.925140
117.688186	38.925140
117.688186	38.924862
117.687920	38.924862
117.687920	38.924580
117.687637	38.924584
117.687637	38.924304
117.687364	38.924304
117.687364	38.924026
117.687081	38.924030
117.687081	38.923752
117.686805	38.923752
117.686805	38.923474
117.686532	38.923474
117.686532	38.923194
117.686249	38.923194
117.686249	38.922916
117.685967	38.922921
117.685967	38.922643
117.685691	38.922643
117.685691	38.922360
117.685417	38.922360
117.685417	38.922082
117.685142	38.922084
117.685142	38.921806
117.684861	38.921811
117.684861	38.921533
117.684579	38.921533
117.684579	38.921250
117.684303	38.921250
117.684303	38.920972
117.684029	38.920972
117.684029	38.920701
117.683747	38.920701
117.683747	38.920411
117.683471	38.920418
117.683471	38.920140
117.683197	38.920140
117.683197	38.919862
117.682908	38.919862
117.682908	38.919579
117.682639	38.919582
117.682639	38.919304
117.682359	38.919304
117.682359	38.919030
117.682083	38.919030
117.682083	38.918750
117.681809	38.918750
117.681809	38.918469
117.681527	38.918472
117.681527	38.918194
117.681251	38.918194
117.681251	38.917640
117.680968	38.917640
117.680968	38.917371
117.680686	38.917371
117.680686	38.917079
117.680419	38.917084
117.680419	38.916806
117.680137	38.916810
117.680137	38.916530
117.679863	38.916530
117.679863	38.916252
117.679580	38.916252
117.679580	38.915969
117.679307	38.915974
117.679307	38.915696
117.679031	38.915698
117.679031	38.915420
117.678749	38.915420
117.678749	38.915142
117.678459	38.915142
117.678459	38.914859
117.678192	38.914859
117.678192	38.914588
117.677917	38.914588
117.677917	38.914310
117.677643	38.914310
117.677643	38.914032
117.677361	38.914032
117.677361	38.913749
117.677085	38.913749
117.677085	38.913471
117.676795	38.913471
117.676795	38.913189
117.676529	38.913193
117.676529	38.912917
117.676246	38.912922
117.676246	38.912639
117.675973	38.912639
117.675973	38.912361
117.675697	38.912361
117.675697	38.912083
117.675414	38.912083
117.675414	38.911805
117.675141	38.911805
117.675141	38.911529
117.674858	38.911529
117.674858	38.911240
117.674582	38.911251
117.674582	38.910973
117.674309	38.910973
117.674309	38.910693
117.674026	38.910693
117.674026	38.910415
117.673753	38.910419
117.673753	38.910141
117.673470	38.910141
117.673470	38.909859
117.673194	38.909863
117.673194	38.909583
117.672921	38.909583
117.672921	38.909305
117.672638	38.909310
117.672638	38.909032
117.672362	38.909032
117.672362	38.908749
117.672082	38.908749
117.672082	38.908471
117.671806	38.908473
117.671806	38.908195
117.671517	38.908200
117.671517	38.907922
117.671250	38.907922
117.671250	38.907639
117.670968	38.907639
117.670968	38.907361
117.670692	38.907361
117.670692	38.907081
117.670418	38.907081
117.670418	38.906812
117.670143	38.906812
117.670143	38.906529
117.669860	38.906529
117.669860	38.906251
117.669580	38.906251
117.669580	38.905971
117.669288	38.905971
117.669288	38.905690
117.669030	38.905693
117.669030	38.905419
117.668748	38.905430
117.668748	38.905141
117.668472	38.905141
117.668472	38.904861
117.668198	38.904861
117.668198	38.904578
117.667916	38.904583
117.667916	38.904305
117.667640	38.904305
117.667640	38.904027
117.667357	38.904029
117.667357	38.903751
117.667077	38.903751
117.667077	38.903468
117.666808	38.903473
117.666808	38.903195
117.666528	38.903195
117.666528	38.902917
117.666252	38.902919
117.666252	38.902641
117.665969	38.902641
117.665969	38.902370
117.665703	38.902370
117.665703	38.902080
117.665413	38.902085
117.665413	38.901807
117.665138	38.901809
117.665138	38.901531
117.664855	38.901531
117.664855	38.901248
117.664581	38.901248
117.664581	38.900970
117.664306	38.900970
117.664306	38.900699
117.664016	38.900699
117.664016	38.900421
117.663750	38.900421
117.663750	38.900138
117.663476	38.900138
117.663476	38.899582
117.663193	38.899582
117.663193	38.899300
117.662918	38.899306
117.662918	38.899028
117.662635	38.899028
117.662635	38.898750
117.662362	38.898750
117.662362	38.898472
117.662086	38.898472
117.662086	38.898190
117.661803	38.898194
117.661803	38.897914
117.661530	38.897914
117.661530	38.897640
117.661247	38.897640
117.661247	38.897080
117.660974	38.897084
117.660974	38.896804
117.660698	38.896804
117.660698	38.896526
117.660424	38.896530
117.660424	38.896241
117.660142	38.896252
117.660142	38.895974
117.659859	38.895974
117.659859	38.895694
117.659583	38.895694
117.659583	38.895416
117.659301	38.895421
117.659301	38.895142
117.659027	38.895142
117.659027	38.894582
117.658751	38.894584
117.658751	38.894306
117.658471	38.894311
117.658471	38.894033
117.658202	38.894033
117.658202	38.893750
117.657913	38.893750
117.657913	38.893472
117.657639	38.893472
117.657639	38.893201
117.657348	38.893201
117.657348	38.892923
117.657081	38.892923
117.657081	38.892640
117.656807	38.892640
117.656807	38.892360
117.656518	38.892360
117.656518	38.891799
117.656249	38.891804
117.656249	38.891530
117.655975	38.891530
117.655975	38.891250
117.655693	38.891250
117.655693	38.890972
117.655419	38.890972
117.655419	38.890689
117.655137	38.890694
117.655137	38.890416
117.654861	38.890431
117.654861	38.890140
117.654578	38.890140
117.654578	38.889862
117.654289	38.889862
117.654289	38.889308
117.654029	38.889308
117.654029	38.889030
117.653746	38.889030
117.653746	38.888752
117.653473	38.888752
117.653473	38.888469
117.653197	38.888474
117.653190	38.888196
117.652917	38.888198
117.652917	38.887920
117.652641	38.887920
117.652641	38.887642
117.652358	38.887642
117.652358	38.887359
117.652076	38.887359
117.652076	38.887088
117.651802	38.887088
117.651802	38.886532
117.651543	38.886532
117.651543	38.886249
117.651253	38.886249
117.651253	38.885971
117.650970	38.885971
117.650970	38.885689
117.650695	38.885693
117.650695	38.885417
117.650405	38.885422
117.650405	38.885139
117.650139	38.885139
117.650139	38.884861
117.649856	38.884861
117.649856	38.884579
117.649582	38.884583
117.649582	38.884305
117.649307	38.884305
117.649307	38.884029
117.649017	38.884029
117.649017	38.883469
117.648751	38.883473
117.648751	38.883193
117.648475	38.883193
117.648475	38.882915
117.648194	38.882919
117.648194	38.882641
117.647919	38.882641
117.647919	38.882359
117.647636	38.882363
117.647636	38.882083
117.647363	38.882083
117.647363	38.881805
117.647087	38.881810
117.647087	38.881531
117.646797	38.881531
117.646797	38.881260
117.646531	38.881260
117.646531	38.880971
117.646248	38.880973
117.646248	38.880417
117.645972	38.880422
117.645972	38.880141
117.645692	38.880141
117.645692	38.879861
117.645409	38.879861
117.645409	38.879590
117.645143	38.879581
117.645143	38.879312
117.644860	38.879312
117.644860	38.879031
117.644578	38.879031
117.644578	38.878751
117.644302	38.878751
117.644302	38.878471
117.644028	38.878471
117.644028	38.878202
117.643752	38.878202
117.643752	38.877921
117.643470	38.877921
117.643470	38.877361
117.643196	38.877361
117.643196	38.877078
117.642914	38.877083
117.642914	38.876805
117.642640	38.876805
117.642640	38.876529
117.642349	38.876529
117.642349	38.876251
117.642082	38.876251
117.642082	38.875968
117.641808	38.875973
117.641808	38.875695
117.641526	38.875695
117.641526	38.875136
117.641250	38.875136
117.641250	38.874863
117.640976	38.874863
117.640976	38.874585
117.640694	38.874585
117.640694	38.874307
117.640418	38.874309
117.640418	38.873748
117.640138	38.873748
117.640138	38.873470
117.639862	38.873475
117.639862	38.873197
117.639579	38.873199
117.639579	38.872638
117.639306	38.872638
117.639306	38.872360
117.639030	38.872360
117.639030	38.872071
117.638747	38.872082
117.638747	38.871806
117.638465	38.871811
117.638465	38.871528
117.637916	38.871528
117.637916	38.870972
117.637642	38.870972
117.637642	38.870418
117.637359	38.870418
117.637359	38.870140
117.637077	38.870140
117.637077	38.869580
117.636803	38.869584
117.636803	38.869304
117.636528	38.869304
117.636528	38.869026
117.636254	38.869030
117.636254	38.868470
117.635971	38.868472
117.635971	38.868194
117.635696	38.868194
117.635696	38.867916
117.635406	38.867920
117.635406	38.867642
117.635140	38.867642
117.635140	38.867360
117.634864	38.867362
117.634864	38.867084
117.634583	38.867084
117.634583	38.866806
117.634308	38.866811
117.634308	38.866532
117.634034	38.866532
117.634034	38.866261
117.633752	38.866261
117.633752	38.865970
117.633469	38.865970
117.633469	38.865701
117.633180	38.865701
117.633180	38.865420
117.632920	38.865420
117.632920	38.865140
117.632637	38.865140
117.632637	38.864860
117.632361	38.864860
117.632361	38.864582
117.632081	38.864582
117.632081	38.864310
117.631812	38.864310
117.631812	38.864030
117.631532	38.864030
117.631532	38.863472
117.631249	38.863472
117.631249	38.862918
117.630967	38.862918
117.630967	38.862362
117.630691	38.862362
117.630691	38.861801
117.630417	38.861806
117.630417	38.861527
117.631249	38.861530
117.631249	38.861252
117.631812	38.861252
117.631805	38.860974
117.632361	38.860974
117.632361	38.860696
117.632920	38.860696
117.632920	38.860418
117.633469	38.860420
117.633469	38.860130
117.633752	38.860137
117.633752	38.859859
117.634308	38.859859
117.634308	38.859310
117.634034	38.859310
117.634034	38.859032
117.633752	38.859032
117.633752	38.858471
117.633469	38.858471
117.633469	38.858200
117.633180	38.858200
117.633180	38.857639
117.632920	38.857639
117.632920	38.857361
117.632637	38.857361
117.632637	38.857090
117.632361	38.857090
117.632361	38.856529
117.632081	38.856529
117.632081	38.856251
117.631805	38.856251
117.631805	38.855973
117.631532	38.855973
117.631532	38.855415
117.631249	38.855419
117.631249	38.855141
117.630967	38.855141
117.630967	38.854581
117.630691	38.854583
117.630691	38.854305
117.630408	38.854321
117.630408	38.854031
117.630141	38.854031
117.630141	38.853471
117.629859	38.853473
117.629859	38.853195
117.629592	38.853200
117.629592	38.852641
117.629303	38.852641
117.629303	38.852361
117.629029	38.852361
117.629029	38.851812
117.628747	38.851812
117.628747	38.851531
117.629303	38.851531
117.629303	38.851249
117.629592	38.851249
117.629585	38.850971
117.630141	38.850971
117.630141	38.850688
117.629585	38.850692
117.629585	38.850419
117.627372	38.850421
117.627372	38.849861
117.627083	38.849861
117.627083	38.849300
117.626807	38.849304
117.626807	38.848751
117.626527	38.848751
117.626527	38.848190
117.626251	38.848195
117.626251	38.847636
117.625968	38.847641
117.625968	38.847080
117.625695	38.847085
117.625695	38.846526
117.625419	38.846531
117.625419	38.846248
117.620972	38.846248
117.620972	38.845970
117.620141	38.845975
117.620141	38.845697
117.620407	38.845699
117.620407	38.845150
117.620697	38.845150
117.620697	38.844582
117.620972	38.844582
117.620972	38.844028
117.621239	38.844028
117.621239	38.843750
117.621529	38.843750
117.621529	38.843472
117.621804	38.843472
117.621804	38.842923
117.622094	38.842923
117.622094	38.842640
117.622360	38.842640
117.622360	38.842091
117.622094	38.842091
117.622094	38.841802
117.620972	38.841804
117.620972	38.841526
117.619309	38.841530
117.619309	38.840692
117.619026	38.840694
117.619026	38.840138
117.617921	38.840142
117.617921	38.839579
117.617638	38.839584
117.617638	38.839028
117.616806	38.839030
117.616806	38.838750
117.616530	38.838750
117.616530	38.838201
117.616250	38.838201
117.616250	38.837640
117.615968	38.837640
117.615968	38.837081
117.615692	38.837081
117.615692	38.836528
117.615418	38.836528
117.615418	38.835972
117.615136	38.835972
117.615136	38.835415
117.614860	38.835415
117.614860	38.834862
117.614586	38.834862
117.614586	38.834301
117.614304	38.834305
117.614304	38.833752
117.614028	38.833752
117.614028	38.833191
117.613748	38.833196
117.613748	38.832637
117.613472	38.832642
117.613472	38.832359
117.613198	38.832359
117.613198	38.831810
117.612923	38.831810
117.612923	38.831249
117.612640	38.831249
117.612640	38.830971
117.612357	38.830971
117.612357	38.830417
117.612075	38.830422
117.612075	38.830151
117.611808	38.830151
117.611808	38.829583
117.611525	38.829583
117.611525	38.829301
117.611252	38.829303
117.611252	38.828751
117.610969	38.828751
117.610969	38.828473
117.610687	38.828473
117.610687	38.827919
117.610420	38.827919
117.610420	38.827361
117.610137	38.827361
117.610137	38.826809
117.609864	38.826809
117.609864	38.826251
117.609581	38.826251
117.609581	38.825699
117.609299	38.825699
117.609299	38.825141
117.609016	38.825141
117.609016	38.824580
117.608749	38.824585
117.608749	38.824029
117.608474	38.824029
117.608474	38.823470
117.608193	38.823470
117.608193	38.822921
117.607918	38.822921
117.607918	38.822361
117.607635	38.822361
117.607635	38.821804
117.607362	38.821804
117.607362	38.820973
117.607086	38.820973
117.607086	38.820416
117.606796	38.820419
117.606796	38.819858
117.606530	38.819863
117.606530	38.819585
117.605971	38.819585
117.605971	38.819306
117.605698	38.819309
117.605698	38.818748
117.605415	38.818748
117.605415	38.818194
117.604310	38.818210
117.604310	38.817921
117.604027	38.817921
117.604027	38.817643
117.602357	38.817643
117.602357	38.817089
117.602081	38.817082
117.602081	38.816533
117.602357	38.816533
117.602357	38.815690
117.602081	38.815692
117.602081	38.815140
117.601807	38.815152
117.601807	38.814862
117.600693	38.814862
117.600693	38.814580
117.600137	38.814582
117.600137	38.813194
117.600417	38.813194
117.600417	38.812362
117.600137	38.812362
117.600137	38.811806
117.599861	38.811810
117.599861	38.811530
117.599296	38.811530
117.599296	38.811250
117.599029	38.811250
117.599029	38.810700
117.598746	38.810700
117.598746	38.810140
117.598473	38.810140
117.598473	38.809581
117.598197	38.809581
117.598197	38.809021
117.597917	38.809028
117.597917	38.808471
117.597641	38.808471
117.597641	38.807079
117.597358	38.807083
117.597358	38.806805
117.597085	38.806805
117.597085	38.806252
117.596802	38.806252
117.596802	38.805420
117.596253	38.805420
117.596253	38.805142
117.595970	38.805142
117.595970	38.804581
117.595695	38.804586
117.595695	38.804305
117.595414	38.804310
117.595414	38.804032
117.595704	38.804032
117.595704	38.803211
117.594582	38.803211
117.594582	38.802361
117.594300	38.802361
117.594300	38.801529
117.594010	38.801529
117.594010	38.801251
117.594300	38.801251
117.594300	38.798751
117.594010	38.798751
117.594010	38.798190
117.593751	38.798195
117.593751	38.797639
117.593484	38.797641
117.593484	38.797358
117.593192	38.797358
117.593192	38.796932
117.593192	38.796529
117.592919	38.796531
117.592919	38.795139
117.593192	38.795139
117.593192	38.794860
117.592087	38.794860
117.592087	38.794578
117.591248	38.794582
117.591248	38.793751
117.590972	38.793751
117.590972	38.793190
117.590699	38.793194
117.590690	38.792641
117.590416	38.792641
117.590416	38.791809
117.590140	38.791809
117.590140	38.791253
117.589860	38.791253
117.589860	38.790421
117.589577	38.790421
117.589577	38.789589
117.589302	38.789589
117.589302	38.789033
117.589028	38.789033
117.589028	38.788189
117.588752	38.788192
117.588752	38.787362
117.589028	38.787362
117.589028	38.787080
117.588752	38.787082
117.588752	38.786530
117.588470	38.786530
117.588470	38.785689
117.588196	38.785694
117.588196	38.784862
117.587914	38.784862
117.587914	38.784028
117.587638	38.784030
117.587638	38.783200
117.587358	38.783200
117.587358	38.782637
117.587638	38.782637
117.587638	38.782081
117.586526	38.782081
117.586526	38.781808
117.586250	38.781810
117.586250	38.781528
117.585976	38.781528
117.585976	38.781249
117.585694	38.781249
117.585694	38.780971
117.585418	38.780971
117.585418	38.780422
117.585135	38.780422
117.585135	38.779861
117.585418	38.779861
117.585418	38.779579
117.585135	38.779583
117.585135	38.779305
117.585694	38.779305
117.585694	38.778752
117.585983	38.778752
117.585976	38.778473
117.586526	38.778473
117.586526	38.778195
117.586808	38.778195
117.586808	38.777915
117.587296	38.777920
117.587358	38.777359
117.587082	38.777364
117.587082	38.776805
117.585135	38.776810
117.585135	38.776249
117.586250	38.776249
117.586250	38.775971
117.587638	38.775971
117.587638	38.775700
117.588752	38.775700
117.588752	38.775422
117.589860	38.775422
117.589860	38.775139
117.590690	38.775139
117.590699	38.774861
117.591531	38.774861
117.591531	38.773751
117.591248	38.773751
117.591248	38.772641
117.591531	38.772641
117.591531	38.772081
117.585976	38.772083
117.585976	38.771805
117.585694	38.771805
117.585694	38.772083
117.580140	38.772083
117.580140	38.771805
117.579581	38.771805
117.579581	38.771527
117.579324	38.771531
117.579324	38.771251
117.578752	38.771251
117.578752	38.770968
117.578193	38.770973
117.578193	38.770695
117.577637	38.770695
117.577637	38.770417
117.577393	38.770417
117.576812	38.770419
117.576812	38.770141
117.576256	38.770141
117.576256	38.769870
117.575691	38.769870
117.575691	38.769580
117.573197	38.769585
117.573197	38.769307
117.572906	38.769309
117.572906	38.769031
117.572356	38.769031
117.572356	38.768748
117.572083	38.768748
117.572083	38.768470
117.571527	38.768470
117.571527	38.768197
117.574592	38.768199
117.574592	38.767921
117.577361	38.767921
117.577361	38.767638
117.579857	38.767638
117.579857	38.767360
117.579581	38.767360
117.579581	38.766250
117.579308	38.766250
117.579308	38.764862
117.579025	38.764862
117.579025	38.763748
117.578752	38.763748
117.578752	38.762916
117.580140	38.762921
117.580140	38.762643
117.581527	38.762643
117.581527	38.762360
117.581849	38.762360
117.582915	38.762360
117.582915	38.762082
117.584306	38.762084
117.584306	38.761806
117.584030	38.761811
117.584030	38.761250
117.581047	38.761250
117.577637	38.761250
117.577637	38.760680
117.577361	38.760692
117.577361	38.759582
117.577081	38.759582
117.577081	38.758750
117.576805	38.758750
117.576805	38.757916
117.576529	38.757932
117.576529	38.756810
117.576256	38.756810
117.576256	38.755698
117.576529	38.755698
117.576529	38.755420
117.575966	38.755420
117.575966	38.755142
117.574859	38.755142
117.574859	38.754871
117.574303	38.754871
117.574303	38.754588
117.573753	38.754581
117.573753	38.754310
117.573471	38.754310
117.573471	38.754032
117.572906	38.754032
117.572906	38.753749
117.572639	38.753749
117.572639	38.753471
117.572083	38.753471
117.572083	38.751530
117.572356	38.751530
117.572356	38.750969
117.572639	38.750973
117.572639	38.750695
117.572915	38.750695
117.572915	38.750137
117.573197	38.750142
117.573197	38.749859
117.573471	38.749864
117.573471	38.749583
117.573753	38.749583
117.573753	38.749305
117.574029	38.749310
117.574029	38.749032
117.574303	38.749032
117.574303	38.748562
117.574303	38.747081
117.574029	38.747081
117.574029	38.746812
117.573753	38.746812
117.573753	38.746251
117.573471	38.746251
117.573471	38.745971
117.573197	38.745971
117.573197	38.745681
117.572915	38.745693
117.572915	38.745419
117.572639	38.745419
117.572639	38.744861
117.572356	38.744861
117.572356	38.744300
117.572083	38.744305
117.572083	38.743751
117.571807	38.743751
117.571807	38.743190
117.571527	38.743195
117.571527	38.742639
117.571251	38.742641
117.571251	38.742080
117.570968	38.742085
117.570968	38.739307
117.570686	38.739311
117.570686	38.735970
117.570419	38.735974
117.570419	38.734306
117.570130	38.734311
117.570130	38.732923
117.569863	38.732923
117.569863	38.731250
117.569580	38.731250
117.569580	38.729579
117.569304	38.729584
117.569304	38.727918
117.569031	38.727920
117.569031	38.726249
117.568748	38.726249
117.568748	38.724030
117.568466	38.724030
117.568466	38.722081
117.568192	38.722083
117.568192	38.720973
117.567643	38.720973
117.567643	38.720417
117.567360	38.720422
117.567360	38.719861
117.567085	38.719861
117.567085	38.718751
117.566802	38.718762
117.566802	38.717639
117.566529	38.717639
117.566529	38.716251
117.566246	38.716251
117.566246	38.714858
117.565972	38.714863
117.565972	38.713748
117.565697	38.713748
117.565697	38.712921
117.569206	38.712921
117.569863	38.712921
117.569863	38.712632
117.573753	38.712638
117.573753	38.712360
117.576529	38.712360
117.576529	38.712082
117.579857	38.712082
117.579857	38.711811
117.582642	38.711811
117.582642	38.711250
117.582915	38.711250
117.582915	38.710690
117.583191	38.710694
117.583191	38.709304
117.582915	38.709304
117.582915	38.707084
117.582642	38.707084
117.582642	38.704860
117.582359	38.704860
117.582359	38.702640
117.582070	38.702640
117.582070	38.700420
117.581803	38.700420
117.581803	38.698471
117.581527	38.698471
117.581527	38.697633
117.581254	38.697639
117.581254	38.697361
117.580971	38.697361
117.580971	38.697079
117.580696	38.697079
117.580696	38.697361
117.580140	38.697361
117.580140	38.697639
117.579857	38.697633
117.579857	38.697922
117.579581	38.697917
117.579581	38.698193
117.577637	38.698189
117.577637	38.698471
117.575691	38.698471
117.575691	38.698749
117.573753	38.698749
117.573753	38.699032
117.571807	38.699032
117.571807	38.699310
117.566529	38.699310
117.566529	38.699032
117.566246	38.699032
117.566246	38.698471
117.565972	38.698471
117.565972	38.697922
117.565697	38.697922
117.565697	38.697361
117.565407	38.697361
117.565407	38.697079
117.565141	38.697083
117.565141	38.696529
117.564858	38.696529
117.564858	38.696251
117.564582	38.696251
117.564582	38.695691
117.564309	38.695693
117.564309	38.695415
117.564026	38.695420
117.564026	38.695141
117.563750	38.695141
117.563750	38.694592
117.563470	38.694592
117.563470	38.694310
117.563187	38.694310
117.563187	38.693749
117.562921	38.693749
117.562921	38.693471
117.562638	38.693473
117.562638	38.692917
117.562362	38.692922
117.562362	38.692641
117.562080	38.692641
117.562080	38.692090
117.561813	38.692081
117.561806	38.691807
117.561530	38.691823
117.561530	38.691251
117.561248	38.691251
117.561248	38.690971
117.560967	38.690971
117.560967	38.690421
117.560692	38.690421
117.560692	38.690139
117.561257	38.690139
117.561248	38.689861
117.561806	38.689861
117.561806	38.689583
117.562638	38.689583
117.562638	38.689305
117.563194	38.689305
117.563194	38.689027
117.563470	38.689029
117.563470	38.688751
117.564026	38.688751
117.564026	38.688461
117.564309	38.688473
117.564309	38.688195
117.564858	38.688195
117.564858	38.687917
117.565141	38.687919
117.565141	38.687641
117.565407	38.687641
117.565407	38.687358
117.565972	38.687363
117.565972	38.687085
117.566253	38.687085
117.566253	38.686807
117.566802	38.686809
117.566802	38.686531
117.567094	38.686531
117.567094	38.681802
117.567360	38.681804
117.567360	38.676808
117.567643	38.676810
117.567643	38.674579
117.567917	38.674584
117.567917	38.672637
117.568192	38.672642
117.568192	38.670711
117.568466	38.670711
117.568466	38.667653
117.568748	38.667653
117.568748	38.667361
117.569031	38.667361
117.569031	38.667081
117.569304	38.667083
117.569304	38.666805
117.569580	38.666810
117.569580	38.666531
117.569863	38.666531
117.569863	38.666251
117.570130	38.666251
117.570130	38.665971
117.570419	38.665973
117.570419	38.665695
117.570686	38.665700
117.570686	38.665422
117.570968	38.665422
117.570968	38.665141
117.570419	38.665141
117.570419	38.664861
117.569863	38.664861
117.569863	38.664581
117.569304	38.664585
117.569304	38.664307
117.567917	38.664312
117.567917	38.664031
117.566529	38.664031
117.566529	38.663749
117.565972	38.663749
117.565972	38.663471
117.565407	38.663471
117.565407	38.663188
117.565141	38.663193
117.565141	38.662919
117.564582	38.662921
117.564582	38.662639
117.564309	38.662639
117.564309	38.662361
117.564026	38.662361
117.564026	38.662078
117.563470	38.662083
117.563470	38.661805
117.563194	38.661805
117.563194	38.661529
117.562638	38.661529
117.562638	38.661251
117.562362	38.661251
117.562362	38.659031
117.562638	38.659031
117.562638	38.658482
117.562921	38.658482
117.562921	38.658199
117.563187	38.658199
117.563187	38.657921
117.563470	38.657921
117.563470	38.657638
117.563750	38.657638
117.563750	38.657082
117.564026	38.657082
117.564026	38.656528
117.564208	38.656528
117.564315	38.656528
117.564309	38.655972
117.564309	38.655694
117.566216	38.645623
117.565865	38.628415
117.563041	38.620744
117.557542	38.613029
117.556954	38.612812
117.553918	38.615078
117.554023	38.611721
117.547454	38.609280
117.545250	38.611942
117.532478	38.612370
117.522354	38.616862
117.511604	38.619075
117.509475	38.619046
117.503417	38.618961
117.495536	38.619296
117.485610	38.619438
117.473061	38.619839
117.456366	38.618232
117.449921	38.617400
117.439950	38.615474
117.432595	38.613284
117.423768	38.610196
117.414626	38.606422
117.404015	38.601754
117.397804	38.598399
117.388343	38.592797
117.380676	38.589462
117.361602	38.585125
117.335524	38.580647
117.323525	38.579193
117.301337	38.576465
117.299813	38.576278
117.281646	38.573062
117.277495	38.571877
117.269318	38.569545
117.259269	38.569500
117.255600	38.569481
117.239739	38.573265
117.236421	38.574056
117.230691	38.579849
117.233405	38.584168
117.237565	38.587783
117.241738	38.592311
117.245346	38.597310
117.248063	38.602089
117.251420	38.609375
117.248917	38.615814
117.242287	38.620247
117.237084	38.623055
117.236870	38.623150
117.226662	38.627754
117.214393	38.628123
117.206215	38.627991
117.197707	38.626027
117.186836	38.622941
117.180085	38.621186
117.172158	38.618984
117.165984	38.616992
117.160104	38.614993
117.150650	38.612149
117.148362	38.611461
117.137199	38.606761
117.129486	38.601590
117.124442	38.597066
117.119973	38.592074
117.114631	38.587322
117.107880	38.585563
117.102059	38.586541
117.095711	38.590730
117.086495	38.598153
117.075218	38.604678
117.067742	38.611397
117.061989	38.616493
117.056839	38.622731
117.053712	38.627795
117.048873	38.635403
117.044686	38.646897
117.045990	38.654896
117.047813	38.659229
117.048264	38.668384
117.047761	38.672970
117.046380	38.677793
117.044709	38.682618
117.042145	38.686763
117.038109	38.690239
117.028527	38.694225
117.024368	38.696862
117.019142	38.702072
117.004104	38.697582
116.991614	38.695442
116.972650	38.694057
116.951615	38.693302
116.937637	38.691807
116.927719	38.691098
116.925086	38.691032
116.916321	38.690807
116.903061	38.692990
116.887100	38.696933
116.877853	38.701047
116.874350	38.703820
116.864395	38.707875
116.853797	38.723763
116.850937	38.728362
116.847505	38.733659
116.843459	38.737125
116.836189	38.740394
116.824494	38.740720
116.817452	38.739632
116.799583	38.737941
116.792306	38.740749
116.786775	38.742623
116.775933	38.741337
116.762114	38.736633
116.750755	38.740154
116.745575	38.747062
116.741295	38.755336
116.735535	38.762937
116.732406	38.770287
116.728164	38.781765
116.727410	38.791385
116.728370	38.798019
116.730781	38.803726
116.732613	38.809438
116.734437	38.814915
116.740417	38.824261
116.743400	38.828357
116.744362	38.834992
116.742965	38.840496
116.735129	38.846508
116.726692	38.850692
116.719162	38.858075
116.717781	38.864723
116.718720	38.869523
116.717354	38.877778
116.714797	38.884433
116.712808	38.889255
116.711700	38.894301
116.710312	38.900722
116.708924	38.906684
116.704400	38.920457
116.704475	38.926866
116.706604	38.933029
116.709305	38.937591
116.714059	38.942364
116.718232	38.947827
116.721810	38.952611
116.730469	38.964223
116.733185	38.970153
116.737083	38.976765
116.740098	38.982695
116.742211	38.987030
116.745224	38.993644
116.748879	39.003235
116.751334	39.011916
116.753495	39.019914
116.755890	39.027373
116.773629	39.031670
116.787064	39.034199
116.801605	39.039494
116.810867	39.044232
116.818940	39.049634
116.823601	39.051090
116.829116	39.053248
116.837891	39.054775
116.855491	39.055999
116.885696	39.058586
116.898491	39.063609
116.901458	39.064216
116.902352	39.070495
116.897873	39.073125
116.899460	39.078018
116.901901	39.083720
116.905212	39.088956
116.907334	39.093514
116.909752	39.097844
116.918823	39.114017
116.920653	39.117470
116.921524	39.119519
116.922798	39.123824
116.924302	39.130242
116.930390	39.136653
116.930198	39.145966
116.929398	39.151465
116.925346	39.155853
116.918342	39.159351
116.909843	39.161717
116.901023	39.162708
116.890740	39.163483
116.878045	39.161077
116.864564	39.164853
116.862390	39.176778
116.859618	39.188930
116.856439	39.193078
116.854203	39.201112
116.855477	39.207965
116.858802	39.214119
116.862991	39.218433
116.874259	39.223602
116.879296	39.225850
116.885315	39.234494
116.885995	39.240445
116.882553	39.246884
116.877051	39.253566
116.872131	39.259330
116.867219	39.265785
116.861489	39.277046
116.859848	39.286217
116.861451	39.294903
116.862998	39.300156
116.864837	39.304719
116.869592	39.307422
116.875214	39.308751
116.885605	39.313469
116.888062	39.319627
116.888718	39.324429
116.888244	39.331984
116.885680	39.338416
116.880805	39.347843
116.869147	39.357789
116.859443	39.359929
116.853784	39.355854
116.849585	39.351539
116.845977	39.346992
116.842666	39.342441
116.832581	39.338177
116.825547	39.341666
116.824761	39.348770
116.824592	39.357467
116.824143	39.367541
116.826370	39.378971
116.830055	39.389241
116.833686	39.395390
116.838798	39.402218
116.843598	39.407444
116.847505	39.411987
116.853234	39.420406
116.856186	39.427024
116.846458	39.431874
116.830117	39.438128
116.816109	39.445321
116.804764	39.452542
116.796876	39.457608
116.804092	39.476429
116.809044	39.492638
116.810614	39.499036
116.814576	39.507469
116.816139	39.513641
116.817734	39.521866
116.818999	39.527805
116.812554	39.532206
116.806077	39.534317
116.800773	39.536190
116.792687	39.550446
116.791588	39.556632
116.794738	39.570569
116.795417	39.577201
116.794312	39.582703
116.793236	39.590721
116.796616	39.599621
116.799385	39.610009
116.805092	39.611596
116.816071	39.614570
116.823991	39.618310
116.827995	39.620197
116.831908	39.624742
116.831826	39.628915
116.831733	39.633213
116.831206	39.638020
116.832474	39.643729
116.836410	39.649422
116.842139	39.656697
116.847261	39.662147
116.860710	39.670502
116.868165	39.673187
116.878257	39.674477
116.886277	39.675778
116.895423	39.677299
116.899353	39.677955
116.898988	39.683926
116.898881	39.685740
116.894295	39.696309
116.900246	39.697856
116.908599	39.700988
116.915765	39.704356
116.947898	39.710250
116.948096	39.708682
116.945640	39.699493
116.943955	39.695575
116.943176	39.690755
116.942925	39.688920
116.942971	39.687087
116.944261	39.682529
116.948318	39.673884
116.952958	39.665477
116.956108	39.657281
116.960411	39.650929
116.966712	39.647351
116.971184	39.646270
116.973511	39.642503
116.977326	39.642466
116.985932	39.643303
116.993645	39.643916
117.000480	39.645450
117.017503	39.654521
117.029236	39.653828
117.043487	39.651177
117.058655	39.646241
117.076209	39.639260
117.095841	39.631832
117.115768	39.623718
117.123246	39.621113
117.145866	39.624981
117.152421	39.626743
117.155801	39.633348
117.158898	39.640636
117.159897	39.646571
117.159691	39.651155
117.160416	39.658471
117.162369	39.667831
117.164008	39.676052
117.163810	39.681317
117.163657	39.688874
117.162324	39.696895
117.162467	39.704448
117.163231	39.713364
117.159935	39.727364
117.160943	39.733757
117.169448	39.744424
117.177583	39.750739
117.184242	39.757763
117.188194	39.762525
117.193404	39.771165
117.192010	39.775983
117.187934	39.779919
117.184441	39.783618
117.177703	39.788270
117.168327	39.795009
117.162757	39.798729
117.158989	39.803576
117.154999	39.812317
117.153968	39.821023
117.157348	39.824531
117.160965	39.824428
117.169013	39.821269
117.179429	39.818810
117.186524	39.822281
117.197190	39.825543
117.204278	39.829697
117.210206	39.831101
117.220307	39.831382
117.226235	39.833011
117.235427	39.834664
117.244042	39.834935
117.248498	39.834728
117.252694	39.833066
117.252044	39.834648
117.249275	39.837105
117.251816	39.840596
117.252915	39.841816
117.254959	39.844092
117.256065	39.846176
117.255561	39.851657
117.253334	39.855500
117.249015	39.859748
117.243867	39.862152
117.238251	39.861339
117.235612	39.860368
117.228891	39.857471
117.222657	39.857102
117.211838	39.860290
117.202241	39.862362
117.192306	39.865567
117.185120	39.867009
117.173118	39.869705
117.167290	39.874378
117.167817	39.876221
117.165619	39.879146
117.159119	39.878081
117.153793	39.877270
117.151336	39.879273
117.151557	39.881336
117.151427	39.884536
117.151573	39.888431
117.150864	39.891387
117.149018	39.892948
117.145675	39.894703
117.142906	39.897153
117.143662	39.900604
117.147452	39.902518
117.150940	39.904658
117.153542	39.906548
117.154069	39.908389
117.149171	39.911942
117.142814	39.914538
117.135255	39.917797
117.131524	39.921825
117.135323	39.923516
117.140016	39.925225
117.144332	39.928986
117.142983	39.933072
117.143464	39.936058
117.147826	39.938446
117.150351	39.942389
117.149955	39.944901
117.144820	39.946843
117.149032	39.948693
117.155509	39.951096
117.156776	39.951321
117.157066	39.954166
117.160706	39.957789
117.166725	39.961384
117.173065	39.966122
117.177040	39.972027
117.179839	39.978404
117.179718	39.987557
117.178841	39.999999
117.176361	40.004968
117.178200	40.009300
117.180924	40.012482
117.183663	40.017491
117.185211	40.022282
117.183784	40.028003
117.180869	40.033505
117.178857	40.039230
117.177125	40.044041
117.176582	40.049301
117.178428	40.053860
117.182068	40.059323
117.185386	40.062500
117.191659	40.063145
117.200317	40.063774
117.207786	40.065098
117.210831	40.070335
117.210564	40.072849
117.208825	40.076744
117.206161	40.078590
117.199310	40.079322
117.193986	40.082782
117.196098	40.084828
117.200317	40.088455
117.205750	40.093678
117.209365	40.096397
117.215088	40.101158
117.221406	40.104775
117.226502	40.107025
117.231582	40.107219
117.238449	40.107631
117.246811	40.108260
117.252785	40.108903
117.258453	40.108634
117.263536	40.109288
117.267426	40.110172
117.271927	40.111741
117.274330	40.113094
117.278275	40.118095
117.281005	40.121274
117.284027	40.123998
117.290619	40.126008
117.295441	40.128941
117.299049	40.130974
117.305039	40.132526
117.310723	40.133629
117.316102	40.134044
117.324769	40.134666
117.330506	40.138965
117.334419	40.141221
117.337455	40.144852
117.341117	40.150310
117.344192	40.156685
117.347556	40.161916
117.350601	40.166009
117.354829	40.169175
117.358138	40.170975
117.367104	40.170902
117.373657	40.170166
117.379348	40.170807
117.380868	40.172623
117.381219	40.176049
117.380364	40.179255
117.379197	40.180862
117.376243	40.183403
117.372987	40.185028
117.370637	40.188019
117.369484	40.190997
117.370728	40.194188
117.372857	40.196682
117.374992	40.199638
117.378014	40.201671
117.381027	40.203701
117.382256	40.205750
117.382896	40.208718
117.381768	40.212841
117.380615	40.215820
117.379471	40.219256
117.379737	40.226871
117.385116	40.227300
117.392305	40.228856
117.399497	40.230873
117.402793	40.231999
117.407005	40.234034
117.409706	40.235390
117.413612	40.237423
117.417808	40.238773
117.420518	40.239903
117.421630	40.242841
117.423499	40.243648
117.429482	40.244441
117.434311	40.244163
117.439690	40.244587
117.444770	40.244780
