
106.754013	39.376008
106.760376	39.374896
106.767526	39.375523
106.773087	39.372382
106.777734	39.369984
106.781235	39.367165
106.783623	39.364795
106.785989	39.361554
106.788726	39.358306
106.788826	39.354660
106.788011	39.351754
106.787552	39.348408
106.787293	39.345493
106.787254	39.343747
106.787391	39.341557
106.787322	39.338783
106.788017	39.336440
106.790039	39.334662
106.791878	39.332885
106.793159	39.331554
106.794998	39.329926
106.797202	39.327996
106.798469	39.325936
106.799721	39.323146
106.800790	39.320796
106.801498	39.318893
106.801622	39.316265
106.800812	39.313797
106.800393	39.311905
106.799965	39.310016
106.799522	39.308651
106.798340	39.305932
106.796692	39.302684
106.796181	39.300380
106.797752	39.297665
106.798431	39.295154
106.800972	39.289937
106.801375	39.286734
106.801469	39.284214
106.802148	39.281707
106.802535	39.278960
106.802071	39.275512
106.801011	39.272278
106.798745	39.269712
106.797355	39.267387
106.796250	39.265297
106.794862	39.262977
106.793182	39.260417
106.791778	39.258553
106.789825	39.255531
106.788475	39.252064
106.787995	39.249069
106.787819	39.245628
106.787040	39.242631
106.787110	39.240796
106.787201	39.238048
106.787309	39.235066
106.788291	39.232334
106.793068	39.227283
106.795320	39.222520
106.798103	39.219142
106.800247	39.216899
106.803000	39.214210
106.806068	39.211074
106.807046	39.208802
106.808639	39.205627
106.810485	39.203605
106.812928	39.201369
106.815971	39.198689
106.819000	39.196465
106.819962	39.194423
106.822724	39.191505
106.825760	39.189053
106.829201	39.183857
106.831658	39.181160
106.832397	39.177277
106.833085	39.174770
106.834382	39.171588
106.835068	39.169083
106.835770	39.166116
106.836449	39.163834
106.838058	39.160201
106.839104	39.156097
106.839494	39.153580
106.839875	39.151295
106.840561	39.148787
106.841529	39.146515
106.844567	39.144063
106.849046	39.142333
106.852982	39.139213
106.853645	39.137394
106.853417	39.135553
106.851724	39.133902
106.849725	39.132252
106.848321	39.130616
106.846931	39.128517
106.845260	39.126178
106.843612	39.123159
106.842270	39.119915
106.841477	39.117604
106.840463	39.113445
106.839982	39.110683
106.839783	39.108155
106.840798	39.104736
106.841759	39.102692
106.843017	39.100426
106.843843	39.098225
106.843362	39.095458
106.842439	39.092734
106.857071	39.089370
106.867097	39.089626
106.879944	39.086376
106.891121	39.086148
106.903130	39.084065
106.914810	39.081295
106.923592	39.079732
106.931168	39.077277
106.938347	39.072079
106.942864	39.066474
106.948058	39.063377
106.954727	39.060482
106.959771	39.053032
106.965348	39.051247
106.967789	39.039510
106.969063	39.036786
106.970376	39.033142
106.970772	39.030400
106.971474	39.027202
106.971841	39.025147
106.971367	39.022152
106.969147	39.018658
106.968940	39.016358
106.968719	39.014289
106.968238	39.011524
106.969261	39.007647
106.968507	39.004188
106.968390	38.999367
106.967643	38.995677
106.967171	38.992683
106.968169	38.989494
106.968559	38.986980
106.968078	38.983985
106.966980	38.981895
106.965667	38.977734
106.965211	38.974281
106.965325	38.971302
106.965134	38.968314
106.964935	38.965787
106.965004	38.963952
106.964812	38.961194
106.964356	38.957741
106.959342	38.950512
106.954704	38.949033
106.952744	38.946694
106.950798	38.943893
106.949683	38.942264
106.947694	38.940609
106.941665	38.937031
106.938263	38.933972
106.934586	38.930442
106.930602	38.927139
106.925759	38.923588
106.921174	38.920726
106.916884	38.917877
106.914085	38.914372
106.911553	38.911557
106.906678	38.908692
106.904426	38.906342
106.900978	38.904430
106.893844	38.899445
106.888687	38.896339
106.885817	38.894668
106.882989	38.892079
106.879867	38.889481
106.875297	38.886391
106.870422	38.883521
106.866219	38.878605
106.861390	38.874822
106.856544	38.871266
106.853187	38.867054
106.848107	38.862113
106.844711	38.859050
106.841354	38.855073
106.837716	38.850624
106.833794	38.846168
106.829263	38.842164
106.823579	38.837665
106.819604	38.834588
106.815597	38.832195
106.813361	38.829387
106.809045	38.827450
106.806497	38.825326
106.803139	38.821342
106.799484	38.817581
106.799019	38.814358
106.794768	38.810814
106.790878	38.805668
106.787247	38.801219
106.785918	38.797748
106.781731	38.792595
106.778680	38.788390
106.775056	38.783943
106.771432	38.779267
106.767211	38.775032
106.764465	38.770604
106.762261	38.767110
106.760353	38.763618
106.757019	38.759174
106.754845	38.754994
106.752326	38.752179
106.749824	38.748902
106.746765	38.744927
106.743134	38.740708
106.740060	38.737187
106.738129	38.734158
106.728607	38.731168
106.724015	38.728989
106.717353	38.727448
106.712409	38.726867
106.706009	38.726021
106.699617	38.725169
106.697335	38.723735
106.695701	38.720711
106.694069	38.717689
106.692177	38.713969
106.689727	38.709546
106.688996	38.705856
106.687416	38.701683
106.685554	38.697049
106.685119	38.693364
106.684059	38.690811
106.681632	38.685704
106.682136	38.680664
106.679116	38.675769
106.676971	38.671124
106.676230	38.667664
106.676337	38.665141
106.677354	38.661725
106.677162	38.659195
106.678765	38.655792
106.678605	38.652572
106.678124	38.650035
106.679154	38.646163
106.680153	38.643205
106.681450	38.640023
106.683906	38.637101
106.685249	38.632771
106.685983	38.629117
106.687111	38.615604
106.687644	38.609649
106.687546	38.604828
106.689431	38.601663
106.689315	38.597298
106.688590	38.593376
106.687911	38.588539
106.689210	38.585358
106.689887	38.583081
106.689415	38.580314
106.688636	38.577998
106.686997	38.575202
106.684784	38.572162
106.682899	38.568444
106.680458	38.563793
106.677712	38.559592
106.676406	38.555886
106.669785	38.539422
106.665443	38.531509
106.661117	38.523135
106.657845	38.517772
106.655663	38.514046
106.654312	38.511486
106.647538	38.498922
106.644532	38.494021
106.642365	38.490067
106.639664	38.484948
106.636635	38.480739
106.634408	38.478156
106.632186	38.475574
106.630882	38.471866
106.629250	38.469069
106.627083	38.465115
106.624359	38.460452
106.623651	38.456532
106.621773	38.452584
106.619614	38.448395
106.619140	38.445859
106.616699	38.441433
106.615348	38.438878
106.612838	38.436286
106.609734	38.433911
106.605506	38.430589
106.602402	38.428211
106.599052	38.424679
106.593689	38.420640
106.591759	38.418065
106.585769	38.415154
106.582145	38.411389
106.577065	38.407585
106.572555	38.404023
106.568894	38.401172
106.562112	38.396404
106.555297	38.392322
106.551322	38.389924
106.549339	38.388725
106.545677	38.385872
106.543106	38.384655
106.538887	38.381332
106.535491	38.378943
106.532403	38.376338
106.529007	38.374184
106.524727	38.372234
106.515861	38.368553
106.509621	38.364945
106.505630	38.363003
106.503144	38.359951
106.500596	38.358276
106.498360	38.356152
106.495857	38.353558
106.494203	38.351448
106.491723	38.348168
106.489861	38.344216
106.488815	38.341436
106.490449	38.337345
106.488357	38.331779
106.488847	38.327202
106.488762	38.322375
106.490982	38.318072
106.494697	38.312896
106.498047	38.309311
106.502809	38.306683
106.506141	38.303559
106.508942	38.299272
106.511681	38.296361
106.515273	38.293929
106.518279	38.291484
106.520698	38.289252
106.524581	38.286832
106.527275	38.285068
106.530853	38.282864
106.533265	38.280861
106.535676	38.278862
106.536904	38.277287
106.538751	38.274812
106.541160	38.272809
106.543831	38.271500
106.547120	38.269292
106.550994	38.266869
106.554581	38.264667
106.557556	38.262908
106.561095	38.261623
106.564637	38.260342
106.566994	38.259482
106.570816	38.258434
106.574075	38.256912
106.577332	38.255389
106.581170	38.253883
106.584762	38.251453
106.587134	38.250138
106.594505	38.247574
106.598922	38.246083
106.602464	38.244796
106.606872	38.243531
106.611824	38.243203
106.618858	38.241546
106.622978	38.240276
106.626534	38.238530
106.629173	38.237908
106.634477	38.235978
106.638588	38.234936
106.644721	38.233945
106.650025	38.232242
106.654998	38.231223
106.658225	38.230385
106.662353	38.228885
106.665300	38.227809
106.669707	38.226544
106.673249	38.225029
106.677978	38.223080
106.681213	38.222016
106.684768	38.220268
106.692109	38.218155
106.696517	38.216892
106.700638	38.215390
106.703582	38.214314
106.706527	38.213239
106.710365	38.211728
106.714187	38.210445
106.717437	38.209148
106.720986	38.207402
106.723374	38.205852
106.726052	38.204086
106.728149	38.202529
106.731461	38.199398
106.733863	38.197392
106.737161	38.194718
106.742271	38.190254
106.744958	38.188485
106.750314	38.185173
106.752372	38.184307
106.755325	38.182999
106.757981	38.181919
106.761513	38.180627
106.768608	38.177356
106.772132	38.176068
106.775368	38.174999
106.783935	38.171077
106.788918	38.169819
106.791261	38.169190
106.795379	38.167679
106.805633	38.165172
106.809975	38.157936
106.817628	38.162480
106.821922	38.163959
106.828636	38.162975
106.836839	38.160873
106.845620	38.158788
106.852082	38.156648
106.862618	38.154145
106.867883	38.152890
106.876977	38.150120
106.886070	38.147353
106.898072	38.144420
106.908600	38.142139
106.916198	38.140480
106.923806	38.138592
106.928184	38.137777
106.932305	38.136265
106.939026	38.134811
106.944587	38.133335
106.952156	38.132587
106.958588	38.131131
106.964158	38.129421
106.971481	38.127293
106.979684	38.124954
106.987565	38.123523
106.996324	38.121886
107.004166	38.121376
107.008788	38.121709
107.017143	38.123272
107.022034	38.124302
107.028129	38.123979
107.033043	38.124546
107.037644	38.125570
107.042510	38.127281
107.046531	38.128289
107.050811	38.130219
107.053933	38.132127
107.057343	38.134036
107.062432	38.137822
107.066703	38.139985
107.070434	38.141213
107.074181	38.141754
107.077659	38.141831
107.082017	38.141692
107.086960	38.141113
107.090484	38.139812
107.093994	38.138973
107.097221	38.137893
107.100448	38.136817
107.103958	38.135974
107.107146	38.136044
107.111436	38.137745
107.115073	38.141492
107.117020	38.144062
107.120345	38.148495
107.124306	38.151333
107.129126	38.154419
107.131973	38.156085
107.136253	38.158015
107.139146	38.158307
107.142029	38.158829
107.145217	38.158897
107.148431	38.158275
107.151612	38.158574
107.155084	38.158647
107.158837	38.159184
107.162919	38.158585
107.167297	38.157758
107.170532	38.156447
107.173476	38.155132
107.175552	38.153801
107.177918	38.152470
107.180870	38.150929
107.183823	38.149152
107.186196	38.147597
107.189193	38.144675
107.191871	38.142665
107.194854	38.140202
107.197831	38.137970
107.199921	38.136177
107.202034	38.133697
107.204445	38.130764
107.208924	38.126953
107.212180	38.124726
107.214858	38.122716
107.218407	38.120724
107.221374	38.118493
107.224351	38.116257
107.227615	38.113800
107.231460	38.111585
107.236159	38.109616
107.238814	38.108291
107.242646	38.106304
107.245324	38.104061
107.248565	38.102523
107.251206	38.101429
107.253845	38.100567
107.256501	38.099015
107.258561	38.098138
107.263215	38.097541
107.267570	38.097171
107.272507	38.097042
107.277710	38.097379
107.281480	38.097226
107.286111	38.097545
107.290466	38.097176
107.295982	38.096827
107.299446	38.097126
107.304367	38.097454
107.308716	38.097308
107.313659	38.096722
107.317153	38.096328
107.320373	38.095246
107.322730	38.093917
107.325378	38.092823
107.328628	38.090592
107.331619	38.087665
107.332847	38.085625
107.334053	38.084041
107.336129	38.082473
107.337631	38.080898
107.338866	38.078401
107.339233	38.075882
107.339584	38.073822
107.340546	38.071087
107.341469	38.069268
107.342994	38.066772
107.343949	38.064042
107.344612	38.061528
107.345863	38.058337
107.348863	38.055183
107.350640	38.053841
107.352721	38.052047
107.354820	38.049793
107.355461	38.047737
107.356988	38.045241
107.359962	38.042778
107.365860	38.039452
107.372916	38.035683
107.380280	38.031696
107.383560	38.028544
107.386582	38.024476
107.388649	38.023136
107.391311	38.021351
107.393973	38.019565
107.397515	38.017342
107.400170	38.015553
107.403106	38.014234
107.406921	38.012470
107.410727	38.011166
107.415420	38.008960
107.418969	38.006505
107.421364	38.003795
107.423461	38.001537
107.425849	37.999057
107.428231	37.996807
107.427231	37.991741
107.425843	37.989646
107.422745	37.986836
107.420516	37.984040
107.418556	37.981938
107.416008	37.980054
107.413184	37.977704
107.410645	37.975589
107.407272	37.972537
107.405891	37.970219
107.403931	37.968118
107.402267	37.965786
107.400918	37.962780
107.401260	37.960950
107.401634	37.958203
107.402283	37.955917
107.405875	37.951854
107.407363	37.950279
107.408858	37.948699
107.412384	37.946933
107.416190	37.945399
107.419411	37.944084
107.422356	37.942302
107.425286	37.940980
107.427620	37.940337
107.431404	37.939492
107.434907	37.938407
107.438980	37.937566
107.441888	37.937160
107.446533	37.936333
107.451462	37.935966
107.455512	37.935813
107.460160	37.934981
107.462806	37.933655
107.466033	37.931877
107.468102	37.930539
107.471031	37.929217
107.475990	37.927700
107.482406	37.925755
107.486771	37.924919
107.489394	37.924046
107.492897	37.922961
107.494948	37.921856
107.499085	37.918945
107.502030	37.916935
107.503531	37.915128
107.505302	37.913781
107.507087	37.911980
107.509482	37.909038
107.510697	37.907224
107.512498	37.904733
107.514351	37.900635
107.519333	37.898431
107.522836	37.897118
107.526626	37.896038
107.530991	37.894969
107.535934	37.893683
107.539414	37.893287
107.546044	37.893863
107.551505	37.894878
107.556084	37.896569
107.559234	37.897542
107.568795	37.896569
107.572867	37.895721
107.578408	37.893754
107.582779	37.892453
107.586280	37.891368
107.589806	37.889134
107.592452	37.887573
107.597122	37.885818
107.600037	37.884952
107.604721	37.882739
107.607925	37.881650
107.611136	37.880558
107.616944	37.879509
107.620987	37.879582
107.627350	37.879231
107.630539	37.878830
107.634292	37.878892
107.637481	37.878486
107.640090	37.878074
107.643883	37.876763
107.648544	37.875234
107.651748	37.874370
107.651664	37.866794
107.651498	37.862202
107.650474	37.857368
107.650552	37.854614
107.650383	37.850022
107.650764	37.846585
107.650864	37.843144
107.650084	37.839916
107.648972	37.838291
107.647019	37.835732
107.645950	37.832500
107.646050	37.828831
107.645043	37.823536
107.644852	37.819862
107.643516	37.815933
107.642456	37.812245
107.641105	37.809009
107.640045	37.805549
107.638404	37.802074
107.636733	37.799984
107.634773	37.797882
107.632820	37.795327
107.631179	37.792084
107.628968	37.788371
107.627038	37.785126
107.624535	37.781639
107.619378	37.780404
107.616508	37.779895
107.612488	37.779136
107.608461	37.778835
107.603547	37.779209
107.598022	37.780720
107.593667	37.781792
107.587577	37.782829
107.582665	37.782974
107.579208	37.782913
107.572952	37.779588
107.566413	37.776260
107.562096	37.775952
107.557472	37.776101
107.552574	37.776012
107.547653	37.776383
107.543922	37.775857
107.539612	37.775319
107.535294	37.774781
107.528976	37.773979
107.522941	37.772953
107.518348	37.772408
107.514344	37.771187
107.510353	37.769509
107.506645	37.768062
107.502052	37.767287
107.497460	37.766289
107.494041	37.765076
107.492097	37.762517
107.489595	37.759258
107.487908	37.757619
107.486550	37.754841
107.486046	37.752309
107.485298	37.748391
107.485688	37.744724
107.486358	37.741752
107.487908	37.738110
107.488273	37.735363
107.487213	37.732131
107.486449	37.728672
107.486237	37.726142
107.485725	37.723840
107.485535	37.720624
107.484482	37.717160
107.483712	37.713933
107.482627	37.711387
107.481545	37.709071
107.479913	37.705830
107.477668	37.703724
107.475425	37.701614
107.472617	37.699036
107.470650	37.697395
107.466698	37.694564
107.463578	37.692901
107.460189	37.690539
107.456773	37.689099
107.452194	37.688094
107.447303	37.687775
107.443009	37.687005
107.439568	37.686252
107.434127	37.685231
107.429261	37.684219
107.425248	37.683454
107.420350	37.683360
107.416008	37.683966
107.409645	37.684764
107.405884	37.685380
107.400077	37.686644
107.394890	37.686774
107.388558	37.686654
107.382468	37.687684
107.379556	37.688773
107.375221	37.689147
107.376504	37.685040
107.376312	37.681824
107.377281	37.678399
107.377359	37.675876
107.377486	37.671748
107.378532	37.665802
107.378585	37.663962
107.378152	37.659368
107.378250	37.656154
107.377769	37.653159
107.376992	37.650390
107.373336	37.647338
107.369981	37.644287
107.368301	37.642646
107.365516	37.639610
107.362991	37.637265
107.361610	37.635403
107.359955	37.633071
107.358284	37.631207
107.353530	37.626751
107.348717	37.624130
107.344222	37.620597
107.340539	37.618690
107.337417	37.617252
107.335427	37.616294
107.332870	37.615321
107.328567	37.614781
107.325112	37.614941
107.321091	37.614631
107.315628	37.614293
107.311904	37.613758
107.305046	37.612244
107.300460	37.611463
107.300538	37.609170
107.300597	37.607105
107.301247	37.604823
107.303902	37.602811
107.306304	37.599643
107.308128	37.596470
107.310516	37.593761
107.314874	37.592701
107.318947	37.591176
107.323044	37.588963
107.327149	37.586522
107.331254	37.584304
107.335343	37.582322
107.338563	37.580548
107.342934	37.578568
107.347297	37.577050
107.351096	37.575286
107.356315	37.574012
107.358642	37.573139
107.358467	37.569465
107.359399	37.567416
107.360336	37.564911
107.360199	37.560089
107.360352	37.555043
107.358970	37.553176
107.357924	37.549714
107.357131	37.547631
107.355812	37.543704
107.353927	37.539535
107.352265	37.537439
107.349731	37.535782
107.348060	37.533913
107.346994	37.531369
107.344910	37.524436
107.343819	37.522351
107.340500	37.518155
107.336587	37.514634
107.330399	37.510376
107.326181	37.507308
107.320214	37.505123
107.317100	37.503457
107.312011	37.500829
107.307542	37.496838
107.305306	37.494728
107.301064	37.492576
107.297363	37.491352
107.292527	37.489880
107.286261	37.487915
107.282348	37.484622
107.279290	37.481347
107.277961	37.477876
107.278091	37.473976
107.277444	37.467307
107.277733	37.458129
107.277840	37.454922
107.278275	37.450107
107.279007	37.445304
107.278594	37.440247
107.277847	37.436557
107.276550	37.432170
107.275832	37.427792
107.274811	37.423869
107.273239	37.419017
107.271402	37.413700
107.270661	37.410014
107.270203	37.406334
107.269745	37.402653
107.269264	37.399653
107.267395	37.395489
107.266602	37.393174
107.266381	37.391107
107.266221	37.387200
107.264626	37.383262
107.262490	37.378398
107.259179	37.374200
107.256981	37.371171
107.255913	37.368625
107.254869	37.365617
107.255249	37.362645
107.255318	37.360347
107.255119	37.357590
107.254645	37.354599
107.254456	37.351609
107.253693	37.348610
107.253501	37.345620
107.251687	37.339614
107.252389	37.335728
107.251915	37.332503
107.251473	37.328364
107.252770	37.323799
107.253137	37.321281
107.254401	37.317634
107.257950	37.314266
107.259217	37.310619
107.260758	37.307209
107.262572	37.304260
107.264038	37.300709
107.264434	37.296493
107.265847	37.290993
107.266700	37.284245
107.267593	37.279174
107.267281	37.268733
107.276046	37.263530
107.299453	37.239540
107.300278	37.235683
107.297210	37.233352
107.293785	37.232823
107.286836	37.235435
107.282799	37.236271
107.278481	37.236873
107.275620	37.236816
107.273040	37.236764
107.272537	37.234687
107.271775	37.231686
107.272790	37.226658
107.275452	37.224185
107.278419	37.220803
107.280197	37.219005
107.283492	37.214253
107.286118	37.212928
107.289612	37.210934
107.293671	37.209407
107.296326	37.206939
107.299553	37.204480
107.302199	37.202237
107.304848	37.199997
107.310311	37.196266
107.316863	37.192806
107.329246	37.168690
107.323822	37.130446
107.314758	37.116398
107.300103	37.103261
107.269111	37.130435
107.269783	37.123536
107.270453	37.120564
107.271721	37.116692
107.273239	37.113964
107.275055	37.110791
107.276566	37.108296
107.278152	37.103279
107.279686	37.100097
107.280053	37.097579
107.280121	37.095284
107.280229	37.091842
107.280044	37.088627
107.279540	37.086553
107.277320	37.084438
107.275650	37.083027
107.271392	37.082252
107.269241	37.086799
107.268539	37.090915
107.264970	37.095432
107.262283	37.098819
107.260177	37.101989
107.256706	37.103297
107.250121	37.103619
107.244690	37.103507
107.238837	37.103149
107.227218	37.100952
107.226828	37.101520
107.211312	37.111728
107.195160	37.129482
107.169563	37.145981
107.159867	37.148857
107.154954	37.147697
107.150322	37.144516
107.146851	37.141334
107.143959	37.139889
107.140488	37.138152
107.137771	37.137275
107.130998	37.134606
107.126991	37.134517
107.123588	37.133756
107.117325	37.132931
107.111976	37.130287
107.103249	37.126194
107.098686	37.125863
107.092154	37.124573
107.088150	37.124484
107.081871	37.124115
107.076729	37.124003
107.070710	37.124325
107.066690	37.124924
107.062026	37.127349
107.056244	37.129054
107.047875	37.131160
107.042045	37.134246
107.037751	37.134376
107.033157	37.134964
107.027443	37.134834
107.024147	37.130857
107.023650	37.128780
107.024024	37.126262
107.024177	37.121907
107.024277	37.119151
107.024658	37.116405
107.023910	37.113175
107.017700	37.110969
107.011986	37.110839
107.006782	37.112327
107.001556	37.114506
106.998092	37.115573
106.992378	37.115445
106.986947	37.115318
106.979271	37.113996
106.974412	37.114112
106.964334	37.115944
106.958604	37.116273
106.951279	37.120922
106.947983	37.125207
106.943336	37.127162
106.938376	37.129804
106.934586	37.131780
106.930518	37.133521
106.926133	37.136174
106.922051	37.138141
106.918824	37.140361
106.914749	37.142330
106.910667	37.144301
106.906594	37.146270
106.903396	37.147572
106.899369	37.148167
106.896217	37.148324
106.893646	37.148262
106.889106	37.147237
106.885421	37.146229
106.883256	37.142959
106.883643	37.140217
106.884637	37.136566
106.885849	37.134761
106.888482	37.133218
106.891732	37.130305
106.894097	37.128300
106.895356	37.125116
106.896012	37.122836
106.896165	37.118707
106.895950	37.116867
106.895485	37.113873
106.893890	37.110618
106.891969	37.108505
106.890335	37.106171
106.887841	37.104045
106.883812	37.104870
106.878342	37.105884
106.874283	37.107395
106.867935	37.108852
106.864457	37.110146
106.860688	37.111432
106.856300	37.114078
106.853362	37.116074
106.850060	37.120357
106.845374	37.123231
106.841256	37.126342
106.836884	37.128532
106.832809	37.130269
106.827301	37.132201
106.823791	37.134182
106.819985	37.136616
106.813225	37.141270
106.807351	37.145261
106.804092	37.148162
106.799399	37.151260
106.793907	37.152732
106.789574	37.153773
106.785804	37.155059
106.781205	37.155635
106.776389	37.154366
106.771897	37.152192
106.768563	37.149582
106.765495	37.147442
106.763551	37.146015
106.761315	37.144582
106.758286	37.141521
106.758660	37.139237
106.758758	37.136712
106.759148	37.134198
106.759255	37.131442
106.758803	37.128220
106.759002	37.123174
106.759460	37.118590
106.759925	37.114014
106.760346	37.110582
106.760757	37.107377
106.758888	37.103885
106.757903	37.099728
106.756324	37.096248
106.754136	37.093670
106.751396	37.090614
106.748253	37.090534
106.745591	37.092996
106.741744	37.096111
106.738464	37.099701
106.734070	37.102349
106.730209	37.105923
106.726952	37.108827
106.724837	37.111760
106.722946	37.116302
106.720833	37.119003
106.717629	37.120530
106.711297	37.121512
106.706094	37.122989
106.702896	37.124286
106.697991	37.125309
106.695512	37.122950
106.692467	37.120345
106.686883	37.116988
106.682685	37.114591
106.677871	37.113319
106.673028	37.112965
106.668151	37.113296
106.666093	37.114620
106.664598	37.116421
106.662804	37.118210
106.659233	37.121793
106.658264	37.124518
106.655898	37.126296
106.653542	37.128074
106.650955	37.128464
106.646980	37.127675
106.646239	37.124669
106.644591	37.123021
106.641754	37.122485
106.637740	37.122613
106.632384	37.127755
106.631142	37.130248
106.627883	37.132915
106.625802	37.134930
106.621155	37.136643
106.618523	37.138184
106.614997	37.140388
106.611298	37.139832
106.606842	37.136958
106.604668	37.134148
106.603667	37.130446
106.602965	37.126754
106.602532	37.123301
106.602364	37.120541
106.602471	37.117790
106.602851	37.115504
106.603514	37.113223
106.603355	37.110233
106.602860	37.108382
106.604369	37.106358
106.608497	37.103252
106.610878	37.101021
106.613267	37.098557
106.617394	37.095450
106.620925	37.093018
106.623619	37.090103
106.627518	37.085614
106.629921	37.082692
106.632881	37.080242
106.634666	37.078453
106.636466	37.076435
106.638611	37.072814
106.639862	37.070095
106.640831	37.067367
106.641273	37.063472
106.642312	37.059135
106.643028	37.055486
106.643532	37.049988
106.644006	37.045407
106.643860	37.041961
106.643769	37.037136
106.643333	37.033683
106.642358	37.029522
106.641129	37.024669
106.639306	37.020264
106.638283	37.017251
106.638702	37.013816
106.638855	37.010147
106.639001	37.006477
106.638871	37.002571
106.638137	36.999569
106.636582	36.995629
106.635277	36.992607
106.634812	36.990070
106.634957	36.986401
106.634529	36.982945
106.634399	36.979039
106.634529	36.975830
106.633857	36.971221
106.633706	36.968003
106.633232	36.965467
106.632806	36.962009
106.631165	36.960133
106.625672	36.961822
106.620200	36.963058
106.616462	36.963650
106.612130	36.964913
106.608964	36.965747
106.605210	36.966798
106.600875	36.968060
106.596588	36.968179
106.592652	36.966693
106.589897	36.964325
106.588561	36.961998
106.588944	36.959710
106.589318	36.957424
106.589730	36.954452
106.591262	36.951737
106.591109	36.948517
106.590644	36.945980
106.590150	36.944129
106.588807	36.942028
106.586884	36.940373
106.582879	36.940494
106.579429	36.941094
106.575700	36.941682
106.573640	36.943234
106.570930	36.946607
106.568268	36.948829
106.564322	36.954463
106.561904	36.957843
106.559486	36.960995
106.557335	36.964840
106.555473	36.968464
106.553064	36.971381
106.551742	36.975709
106.549310	36.979317
106.547172	36.982704
106.544793	36.984935
106.541549	36.987374
106.536941	36.988399
106.534897	36.989491
106.534126	36.987403
106.533395	36.984402
106.533226	36.981639
106.533340	36.978888
106.534324	36.975930
106.535660	36.971146
106.536599	36.969334
106.538208	36.964787
106.540307	36.962547
106.543304	36.958953
106.545381	36.957173
106.548059	36.954486
106.547569	36.952412
106.548088	36.946910
106.549613	36.944428
106.551147	36.941944
106.552940	36.939927
106.554442	36.938128
106.556801	36.936355
106.558593	36.934338
106.561020	36.930958
106.563636	36.929652
106.566834	36.928360
106.568040	36.926785
106.571121	36.921128
106.573571	36.917060
106.576851	36.913703
106.580468	36.908978
106.583205	36.904689
106.585304	36.902221
106.588577	36.898861
106.592139	36.895511
106.594482	36.893966
106.597436	36.891522
106.600075	36.889756
106.603280	36.888001
106.605614	36.886684
106.608207	36.886066
106.610771	36.886132
106.614723	36.887158
106.616027	36.890171
106.618493	36.892537
106.621301	36.893754
106.624421	36.894066
106.630736	36.893086
106.633590	36.892929
106.636216	36.891616
106.638374	36.887543
106.638214	36.884327
106.637223	36.880626
106.634513	36.877114
106.631484	36.874509
106.625930	36.870919
106.621789	36.867596
106.620209	36.864341
106.618042	36.861531
106.616989	36.859437
106.619309	36.858350
106.623673	36.856166
106.627229	36.852818
106.629296	36.851031
106.631370	36.849021
106.633453	36.846783
106.635903	36.842712
106.636895	36.839294
106.640512	36.834339
106.642579	36.832554
106.645234	36.830330
106.647035	36.828083
106.648552	36.825824
106.649491	36.823554
106.651299	36.821074
106.652557	36.818123
106.652108	36.815128
106.650253	36.811634
106.648705	36.807693
106.645455	36.803475
106.641601	36.800159
106.639397	36.798267
106.636970	36.794990
106.635673	36.791744
106.632416	36.787753
106.630860	36.784043
106.630447	36.780127
106.632537	36.777657
106.633469	36.775845
106.634522	36.770824
106.635315	36.765336
106.634857	36.762567
106.634941	36.760502
106.631097	36.756958
106.629196	36.754612
106.624207	36.751267
106.623177	36.748719
106.623261	36.746651
106.623908	36.744602
106.625428	36.742348
106.627594	36.738041
106.628799	36.736236
106.630561	36.734905
106.632934	36.732446
106.635589	36.730217
106.638207	36.728680
106.640304	36.726208
106.641815	36.723953
106.642472	36.721672
106.639144	36.719521
106.636596	36.719222
106.631416	36.720697
106.627662	36.722203
106.623626	36.723477
106.618737	36.724724
106.613777	36.727810
106.610894	36.728649
106.606163	36.733116
106.602334	36.736229
106.599022	36.740735
106.595207	36.743618
106.591401	36.746273
106.586480	36.748208
106.583289	36.749728
106.578437	36.750061
106.575616	36.749528
106.569802	36.745469
106.563103	36.742303
106.557786	36.740094
106.552186	36.737881
106.547120	36.736596
106.541770	36.735073
106.533349	36.732322
106.528276	36.731265
106.525422	36.731415
106.520378	36.729446
106.516167	36.728184
106.512582	36.725560
106.510719	36.722294
106.510590	36.718616
106.511558	36.715890
106.511948	36.713376
106.512657	36.709953
106.513963	36.706085
106.514954	36.702666
106.515380	36.699234
106.515481	36.696941
106.514457	36.694161
106.504586	36.692283
106.499695	36.693527
106.494834	36.694083
106.492439	36.690345
106.490602	36.686619
106.489052	36.682904
106.485854	36.677769
106.485177	36.673619
106.486718	36.670902
106.487137	36.667702
106.486985	36.664482
106.487076	36.662419
106.485551	36.658016
106.485405	36.654798
106.483010	36.650830
106.480888	36.647327
106.479630	36.643391
106.478112	36.638985
106.476829	36.635735
106.474693	36.632464
106.470253	36.630044
106.466094	36.627402
106.463035	36.625942
106.459639	36.625622
106.455902	36.626664
106.452766	36.626805
106.450500	36.626744
106.445388	36.626598
106.440818	36.627163
106.438874	36.626190
106.437211	36.624558
106.434783	36.622174
106.433213	36.618915
106.432748	36.616608
106.434890	36.612996
106.436196	36.609126
106.438033	36.605965
106.439911	36.601883
106.442573	36.599433
106.444718	36.595820
106.447998	36.592010
106.449844	36.588844
106.450623	36.583816
106.451927	36.579949
106.452645	36.576293
106.451881	36.574212
106.450890	36.570969
106.449912	36.567267
106.448586	36.564934
106.446450	36.561889
106.440834	36.560357
106.436905	36.559329
106.430688	36.558696
106.426979	36.559051
106.420922	36.561180
106.418610	36.562262
106.415673	36.564476
106.412407	36.567826
106.407258	36.568601
106.404411	36.568749
106.397255	36.570155
106.390914	36.572270
106.385552	36.571659
106.380241	36.569672
106.374573	36.569278
106.370858	36.569866
106.368499	36.571862
106.366042	36.576156
106.363679	36.578155
106.361411	36.578091
106.356545	36.579098
106.354339	36.577428
106.353133	36.572571
106.353835	36.569606
106.355339	36.567584
106.358033	36.564446
106.360969	36.562237
106.363052	36.560002
106.365112	36.558449
106.366942	36.555519
106.370765	36.552414
106.372551	36.550630
106.374596	36.549308
106.378318	36.548497
106.382682	36.546092
106.386185	36.543899
106.388847	36.541449
106.394554	36.540690
106.398597	36.539200
106.402107	36.536773
106.406547	36.532536
106.408623	36.530530
106.410645	36.529666
106.413612	36.526539
106.415969	36.524536
106.417740	36.522979
106.419807	36.521202
106.422189	36.518512
106.425163	36.515381
106.428117	36.512710
106.430214	36.510013
106.432563	36.508245
106.434341	36.506458
106.436401	36.504678
106.439330	36.502465
106.441377	36.501145
106.446525	36.500138
106.451362	36.499814
106.454787	36.499222
106.458771	36.499103
106.462197	36.498508
106.466987	36.499329
106.469779	36.500325
106.473465	36.500427
106.476302	36.500275
106.479698	36.500598
106.483108	36.500461
106.486000	36.499165
106.489503	36.496737
106.491889	36.494046
106.493644	36.492717
106.495734	36.490249
106.497794	36.488469
106.500115	36.487156
106.502984	36.486545
106.505569	36.485699
106.508224	36.483245
106.510619	36.480095
106.511864	36.477609
106.512595	36.473492
106.514466	36.469643
106.515471	36.465766
106.516196	36.462113
106.516388	36.457527
106.516502	36.454776
106.514336	36.452194
106.512139	36.450528
106.508789	36.449288
106.504037	36.447782
106.501266	36.446095
106.497453	36.442551
106.496400	36.440682
106.495126	36.437206
106.495278	36.433537
106.495812	36.427582
106.495643	36.424824
106.491386	36.424935
106.486627	36.423657
106.483566	36.422196
106.481170	36.418458
106.479896	36.415206
106.479988	36.412915
106.480133	36.409474
106.480537	36.406730
106.481225	36.403767
106.481339	36.401016
106.481476	36.397805
106.481560	36.395740
106.482773	36.393937
106.484573	36.391460
106.488060	36.389493
106.490982	36.387280
106.495139	36.389458
106.497658	36.390217
106.500183	36.390744
106.504174	36.390163
106.507567	36.390254
106.509872	36.389401
106.511627	36.388073
106.513138	36.385819
106.512650	36.383968
106.511643	36.380960
106.509452	36.379063
106.504509	36.375480
106.499748	36.374202
106.500732	36.371018
106.501396	36.368511
106.502052	36.366462
106.501860	36.364162
106.499802	36.359283
106.499114	36.355363
106.498948	36.352605
106.497674	36.349355
106.496666	36.346344
106.496459	36.344502
106.496283	36.341968
106.497040	36.337398
106.497719	36.334663
106.498993	36.331256
106.499130	36.328045
106.498932	36.325978
106.499900	36.323017
106.500878	36.320061
106.502250	36.314359
106.502403	36.310691
106.503082	36.307952
106.503479	36.305210
106.504746	36.302033
106.505965	36.299770
106.506179	36.294728
106.501343	36.295280
106.497268	36.298154
106.493491	36.300347
106.490586	36.302329
106.487937	36.304784
106.483306	36.307182
106.479598	36.307765
106.477027	36.308385
106.470490	36.309123
106.467696	36.308358
106.467803	36.305832
106.468232	36.302402
106.467826	36.298489
106.468537	36.295066
106.469773	36.292572
106.472198	36.288739
106.476045	36.284714
106.477540	36.282918
106.480484	36.280014
106.482009	36.277535
106.483482	36.275967
106.487053	36.271935
106.489403	36.269704
106.492012	36.268170
106.493774	36.266608
106.496117	36.264835
106.499214	36.265152
106.501090	36.267497
106.502159	36.269134
106.506462	36.274303
106.508340	36.276883
106.510925	36.275802
106.514945	36.274307
106.516442	36.272511
106.520622	36.267117
106.523918	36.262615
106.528770	36.261597
106.531899	36.261227
106.535927	36.259498
106.539102	36.257977
106.541962	36.257136
106.544809	36.256756
106.547562	36.258438
106.547974	36.262119
106.548706	36.264897
106.548576	36.268104
106.548745	36.270866
106.548637	36.273617
106.548186	36.277505
106.549164	36.281434
106.550171	36.284447
106.553711	36.287754
106.555602	36.289872
106.556938	36.291745
106.559730	36.292736
106.564247	36.292857
106.567985	36.291351
106.571700	36.290535
106.574050	36.288304
106.576691	36.286079
106.579064	36.283385
106.581414	36.281154
106.585509	36.277820
106.587592	36.275349
106.589379	36.273102
106.593299	36.274127
106.597755	36.275853
106.602815	36.276673
106.605705	36.275146
106.608032	36.273368
106.610170	36.269523
106.611931	36.267965
106.616241	36.266244
106.618263	36.265148
106.621955	36.264785
106.625335	36.265107
106.627532	36.266770
106.628571	36.269093
106.629570	36.272331
106.629410	36.276459
106.631019	36.278569
106.634103	36.279340
106.636970	36.278266
106.639023	36.276482
106.639703	36.273517
106.640113	36.270314
106.641656	36.267144
106.643730	36.264671
106.645774	36.263115
106.648331	36.262955
106.652017	36.262593
106.655394	36.262909
106.657929	36.263206
106.660393	36.265334
106.662879	36.266777
106.669021	36.268771
106.671822	36.269535
106.675225	36.269166
106.677819	36.268085
106.680182	36.265391
106.682580	36.262009
106.685249	36.258866
106.689057	36.255520
106.692590	36.251938
106.696487	36.246299
106.699149	36.243156
106.701791	36.240699
106.704430	36.238242
106.707657	36.235343
106.710869	36.232670
106.713745	36.231368
106.716004	36.231423
106.720803	36.231549
106.723648	36.231159
106.730788	36.229051
106.735618	36.228481
106.738487	36.227410
106.742257	36.224980
106.747695	36.223050
106.750304	36.221511
106.755173	36.219795
106.758088	36.217575
106.762040	36.217673
106.766334	36.216178
106.768791	36.218304
106.773490	36.221176
106.776528	36.223091
106.781014	36.223888
106.784653	36.224900
106.787468	36.225197
106.791199	36.223685
106.795518	36.221498
106.798957	36.220208
106.802086	36.219825
106.806328	36.219699
106.809731	36.219326
106.813156	36.218491
106.817879	36.220677
106.818909	36.223225
106.819884	36.227382
106.821206	36.229939
106.823998	36.230694
106.827788	36.227574
106.830222	36.223045
106.831718	36.220786
106.832702	36.217135
106.834525	36.213742
106.834931	36.210537
106.836150	36.208042
106.841750	36.209327
106.844581	36.209167
106.849456	36.207221
106.852904	36.205701
106.856079	36.203941
106.860444	36.200602
106.861656	36.198337
106.863769	36.194718
106.866447	36.190880
106.868553	36.187488
106.870353	36.184548
106.872384	36.183224
106.876954	36.181724
106.879067	36.178105
106.880600	36.174698
106.881599	36.170593
106.881432	36.167607
106.881599	36.163017
106.882011	36.159355
106.884133	36.155505
106.885056	36.153461
106.889320	36.144843
106.891397	36.142143
106.893464	36.139667
106.896354	36.137669
106.899346	36.133151
106.901427	36.130218
106.903510	36.127285
106.906175	36.123905
106.910546	36.120110
106.916253	36.118408
106.919068	36.118476
106.923439	36.122483
106.928139	36.125117
106.932282	36.127743
106.936166	36.129669
106.940017	36.132285
106.942809	36.133270
106.944610	36.130330
106.942757	36.126843
106.941451	36.123830
106.939568	36.121261
106.937697	36.118462
106.935272	36.115192
106.932015	36.111671
106.930427	36.108651
106.932510	36.105713
106.933738	36.102989
106.936943	36.100083
106.939546	36.098308
106.942107	36.097679
106.945832	36.096161
106.947662	36.092305
106.946075	36.089283
106.943954	36.085563
106.941857	36.081151
106.939796	36.075592
106.938506	36.072121
106.937499	36.068887
106.936508	36.064960
106.936387	36.060597
106.935974	36.056458
106.936995	36.051433
106.937187	36.046157
106.935906	36.042458
106.934333	36.039208
106.933654	36.034599
106.933754	36.031846
106.934707	36.028885
106.935646	36.026153
106.936049	36.022725
106.936410	36.020665
106.938201	36.017727
106.940612	36.013419
106.941848	36.010468
106.941964	36.007256
106.940934	36.004478
106.941886	36.000000
106.942923	35.992599
106.943420	35.988244
106.941642	35.982995
106.939033	35.978902
106.934447	35.974599
106.931863	35.971419
106.926445	35.968039
106.920982	35.961913
106.916711	35.959210
106.912987	35.956044
106.909035	35.955623
106.905083	35.955894
106.902840	35.956605
106.900582	35.956628
106.896926	35.957353
106.892135	35.957856
106.892083	35.954652
106.891732	35.949847
106.892548	35.948006
106.895629	35.946830
106.899850	35.945873
106.902931	35.944694
106.907157	35.943965
106.912239	35.944375
106.917329	35.945006
106.920166	35.945663
106.923286	35.947005
106.927232	35.946736
106.930053	35.946709
106.933150	35.946217
106.935669	35.945045
106.937020	35.940911
106.936081	35.935425
106.934905	35.932232
106.933442	35.929039
106.929435	35.925647
106.926299	35.923161
106.922591	35.920677
106.918616	35.919118
106.914664	35.918701
106.910706	35.918053
106.905593	35.916043
106.900773	35.914489
106.896233	35.912704
106.888869	35.910489
106.884049	35.908707
106.877266	35.907857
106.872147	35.905158
106.866746	35.902466
106.862778	35.900903
106.859085	35.899335
106.854821	35.897088
106.851676	35.894366
106.848259	35.892112
106.846810	35.889377
106.846755	35.885487
106.847548	35.882271
106.849771	35.879734
106.854552	35.878998
106.858773	35.878499
106.862443	35.878693
106.866668	35.878422
106.870057	35.878615
106.872833	35.875844
106.874474	35.872849
106.876411	35.870080
106.876922	35.866871
106.878517	35.860667
106.880698	35.855610
106.881492	35.852394
106.886223	35.848228
106.888153	35.845458
106.892616	35.842439
106.897628	35.838721
106.900689	35.835713
106.904313	35.833156
106.906526	35.830845
106.911271	35.827590
106.915154	35.823886
106.918746	35.819499
106.920937	35.815353
106.922272	35.810761
106.923348	35.807312
106.921898	35.804580
106.917351	35.802109
106.913712	35.803750
106.910630	35.804929
106.907845	35.806786
106.903923	35.808201
106.898872	35.809628
106.894927	35.809665
106.894868	35.805774
106.896249	35.803928
106.899018	35.800922
106.901794	35.798146
106.904869	35.796737
106.907638	35.793508
106.909568	35.790967
106.912873	35.786121
106.913383	35.782680
106.912766	35.779254
106.910744	35.776070
106.908729	35.773109
106.907296	35.771293
106.903633	35.771104
106.900825	35.772045
106.896880	35.771630
106.895713	35.768893
106.895378	35.765691
106.895622	35.763168
106.893373	35.763191
106.890000	35.763683
106.887787	35.766452
106.885011	35.769000
106.881660	35.770867
106.878052	35.774108
106.875823	35.775735
106.873603	35.778046
106.869904	35.775562
106.867883	35.772148
106.866417	35.768269
106.866363	35.764378
106.865998	35.759113
106.866210	35.754758
106.867286	35.751084
106.868058	35.746268
106.867172	35.743298
106.863480	35.741505
106.858971	35.740860
106.855881	35.741120
106.852524	35.742756
106.849167	35.743934
106.844971	35.746036
106.839653	35.747918
106.835159	35.748650
106.831763	35.747307
106.829475	35.745037
106.826332	35.741863
106.826004	35.738430
106.824249	35.734098
106.823358	35.730900
106.821594	35.725646
106.819572	35.722004
106.816971	35.717221
106.812988	35.714050
106.809585	35.712478
106.805909	35.711368
106.801697	35.711637
106.797752	35.711673
106.794969	35.713303
106.792450	35.714702
106.789383	35.716790
106.785476	35.719117
106.781845	35.720981
106.777939	35.723308
106.775437	35.725391
106.771241	35.727034
106.767318	35.728215
106.762252	35.728489
106.758598	35.728981
106.753785	35.726734
106.750655	35.724243
106.747519	35.721061
106.746628	35.717866
106.746001	35.713063
106.744812	35.708491
106.745049	35.704827
106.746407	35.701378
106.747207	35.698167
106.748848	35.694942
106.749069	35.691979
106.749596	35.687608
106.746193	35.685577
106.742225	35.683551
106.736862	35.681996
106.731240	35.682044
106.727035	35.683227
106.723388	35.683947
106.720031	35.685349
106.716400	35.687444
106.713341	35.689992
106.710290	35.693679
106.706971	35.697830
106.703644	35.701752
106.699760	35.705909
106.696426	35.709146
106.693939	35.712373
106.690605	35.715607
106.686997	35.719532
106.682525	35.721859
106.678313	35.723037
106.673821	35.723306
106.671264	35.721722
106.668992	35.720138
106.666428	35.717640
106.663298	35.714688
106.660172	35.712425
106.656776	35.710620
106.652252	35.708829
106.646333	35.708186
106.640983	35.708004
106.637633	35.710319
106.635682	35.711479
106.632897	35.714021
106.629845	35.717480
106.625686	35.722782
106.622078	35.726704
106.618165	35.728794
106.613098	35.728835
106.606910	35.729115
106.602142	35.730298
106.597069	35.729877
106.590316	35.730159
106.582726	35.730674
106.578788	35.731162
106.572915	35.733956
106.569558	35.735584
106.563949	35.737457
106.559746	35.739089
106.554695	35.740734
106.552742	35.742353
106.549102	35.743752
106.545159	35.744007
106.540948	35.744495
106.535881	35.744534
106.531090	35.743884
106.522065	35.742343
106.517821	35.741001
106.513603	35.741028
106.509651	35.739686
106.505126	35.737885
106.500892	35.736997
106.497498	35.734959
106.493264	35.733845
106.489594	35.732723
106.485916	35.730916
106.481667	35.728657
106.476861	35.725941
106.472038	35.722768
106.467781	35.719361
106.465232	35.717544
106.463241	35.715267
106.460387	35.711625
106.457550	35.709123
106.453019	35.705720
106.450181	35.703445
106.447624	35.701171
106.443925	35.697303
106.439109	35.694131
106.439095	35.692296
106.437942	35.689556
106.436226	35.686589
106.437591	35.682689
106.439232	35.677411
106.441436	35.672814
106.442778	35.666621
106.444130	35.661117
106.447442	35.654681
106.450477	35.649396
106.452973	35.645257
106.456032	35.642488
106.457390	35.637670
106.459580	35.631698
106.462899	35.626178
106.465369	35.620667
106.466422	35.614247
106.470016	35.608269
106.471122	35.606429
106.471382	35.603909
106.473039	35.601146
106.474946	35.595180
106.477401	35.588520
106.477920	35.584167
106.477891	35.580960
106.475327	35.578000
106.471368	35.575276
106.466858	35.574161
106.460952	35.573284
106.455886	35.572174
106.452203	35.568764
106.450767	35.566253
106.448479	35.562146
106.446756	35.558262
106.445885	35.555062
106.447533	35.551616
106.447198	35.546349
106.446038	35.542235
106.445434	35.538575
106.444276	35.534687
106.443389	35.530571
106.443353	35.526676
106.444176	35.524150
106.446931	35.519095
106.449684	35.513810
106.452431	35.507836
106.455466	35.502549
106.458238	35.498863
106.461853	35.495632
106.465752	35.492858
106.469649	35.490310
106.474946	35.486153
106.477440	35.483621
106.479935	35.480626
106.481041	35.478782
106.482125	35.474880
106.482909	35.469608
106.480911	35.466415
106.478080	35.463687
106.473572	35.461654
106.472412	35.458229
106.471261	35.455487
106.474609	35.453862
106.477982	35.454067
106.480781	35.453816
106.483306	35.454258
106.486679	35.454236
106.489761	35.454213
106.492279	35.453281
106.499276	35.452317
106.501785	35.450696
106.504295	35.449073
106.505662	35.445630
106.506469	35.442646
106.507554	35.438972
106.506966	35.436458
106.506364	35.432796
106.505493	35.429824
106.505448	35.426159
106.505416	35.422950
106.504249	35.418838
106.504226	35.416318
106.503342	35.412660
106.502189	35.409457
106.501015	35.404202
106.500397	35.399167
106.499230	35.395051
106.499481	35.391842
106.500274	35.387482
106.499962	35.384505
106.499367	35.381533
106.499604	35.377183
106.499549	35.371911
106.499786	35.367786
106.499465	35.364125
106.498574	35.359089
106.496566	35.354982
106.493988	35.349730
106.491431	35.346084
106.489426	35.341744
106.486579	35.337414
106.483725	35.332393
106.480849	35.325309
106.477722	35.320751
106.473472	35.315739
106.470634	35.312321
106.466126	35.309376
106.461631	35.308034
106.457130	35.306229
106.453185	35.303277
106.448684	35.301477
106.445023	35.299434
106.440812	35.297860
106.436034	35.296517
106.431533	35.294026
106.427857	35.289924
106.425872	35.287647
106.423606	35.284684
106.418250	35.281051
106.413749	35.278790
106.408974	35.277217
106.405608	35.276550
106.403092	35.276798
106.398887	35.275905
106.394677	35.274560
106.391304	35.272976
106.387635	35.269790
106.384797	35.265915
106.382812	35.263176
106.381668	35.260204
106.379669	35.256097
106.377960	35.252671
106.375694	35.249246
106.373429	35.246280
106.371726	35.243771
106.370582	35.241027
106.367485	35.238987
106.361855	35.235354
106.357101	35.235382
106.354033	35.236546
106.351257	35.239541
106.348479	35.241389
106.347381	35.244145
106.344894	35.247135
106.339050	35.250606
106.334588	35.252464
106.330116	35.253635
106.325661	35.255723
106.323434	35.257569
106.321214	35.259873
106.318718	35.262631
106.316788	35.266079
106.314598	35.271134
106.313226	35.275032
106.310463	35.278943
106.307984	35.283540
106.304916	35.285156
106.300453	35.287246
106.296257	35.288185
106.293762	35.290489
106.290421	35.293026
106.287918	35.294872
106.286537	35.297397
106.284896	35.302678
106.282975	35.307266
106.280205	35.311177
106.278840	35.315764
106.276627	35.319211
106.272744	35.323128
106.269416	35.327725
106.265792	35.330032
106.262993	35.329818
106.258239	35.331677
106.254615	35.333526
106.252395	35.336288
106.249337	35.339508
106.246292	35.344566
106.244361	35.348240
106.242714	35.352372
106.243019	35.356032
106.243897	35.360611
106.244485	35.364732
106.245645	35.369304
106.245102	35.372287
106.242882	35.375275
106.240945	35.377807
106.239844	35.381249
106.238755	35.384918
106.238784	35.389271
106.237693	35.392941
106.238304	35.399577
106.238060	35.404393
106.236405	35.408065
106.235297	35.409900
106.232216	35.410602
106.228859	35.411766
106.224656	35.412015
106.220727	35.411347
106.214272	35.410463
106.211471	35.410248
106.206970	35.408894
106.199966	35.408924
106.195763	35.409631
106.191558	35.409649
106.187928	35.411727
106.185699	35.414027
106.184593	35.416324
106.182939	35.419312
106.182968	35.424807
106.181870	35.427791
106.178818	35.432155
106.176865	35.434453
106.174918	35.436294
106.171265	35.434936
106.161964	35.428791
106.159705	35.426510
106.156875	35.422401
106.152649	35.418984
106.150666	35.415782
106.148398	35.412129
106.144729	35.408477
106.141066	35.405515
106.138245	35.401405
106.135421	35.398898
106.133162	35.396156
106.128661	35.393196
106.126961	35.389766
106.124702	35.387487
106.123558	35.384056
106.121010	35.379254
106.119583	35.376057
106.117881	35.372166
106.115891	35.366906
106.111939	35.363029
106.108849	35.360978
106.104370	35.361912
106.102143	35.364440
106.101036	35.366275
106.100213	35.368802
106.100509	35.372235
106.099404	35.375676
106.098868	35.380027
106.099449	35.382545
106.099183	35.385524
106.097526	35.389656
106.095864	35.392410
106.093651	35.397916
106.090866	35.401818
106.089768	35.405715
106.089508	35.409382
106.087860	35.414886
106.085358	35.418560
106.083687	35.421086
106.080902	35.423615
106.078110	35.426375
106.074746	35.426159
106.071938	35.425942
106.068854	35.425263
106.064636	35.423675
106.059861	35.422547
106.058753	35.424386
106.057641	35.426907
106.056260	35.429660
106.056839	35.433322
106.057976	35.436524
106.060226	35.438122
106.063881	35.439480
106.066131	35.440850
106.070908	35.442895
106.076248	35.444707
106.080460	35.445377
106.084113	35.446740
106.084685	35.449258
106.083878	35.453841
106.082771	35.457055
106.079140	35.460271
106.073251	35.460294
106.069871	35.458014
106.066491	35.455047
106.064232	35.452538
106.061126	35.449112
106.057746	35.446147
106.051843	35.443879
106.046523	35.445953
106.044014	35.448025
106.041787	35.451469
106.037322	35.455608
106.034806	35.456989
106.030319	35.458377
106.026962	35.459304
106.022469	35.458404
106.016847	35.456818
106.014023	35.453160
106.011764	35.449962
106.008111	35.446995
106.005563	35.443337
106.001068	35.441062
105.997695	35.439239
105.991516	35.438115
105.987311	35.437206
105.980857	35.436996
105.974678	35.434956
105.968506	35.434512
105.964860	35.433147
105.958961	35.431788
105.953911	35.431572
105.947739	35.431134
105.943253	35.429771
105.939042	35.429322
105.932304	35.427276
105.926689	35.425685
105.921365	35.425243
105.916588	35.423192
105.913497	35.421596
105.911797	35.417706
105.909538	35.412671
105.904777	35.412910
105.902252	35.414064
105.898904	35.417045
105.896110	35.420719
105.894997	35.423928
105.894165	35.426907
105.893058	35.430116
105.892228	35.432636
105.890548	35.435162
105.889160	35.438826
105.888329	35.442721
105.888907	35.447533
105.889480	35.450509
105.890334	35.453942
105.893997	35.459202
105.896249	35.461262
105.901306	35.464455
105.905518	35.464446
105.909721	35.464893
105.914215	35.464886
105.918693	35.463500
105.924309	35.463029
105.927673	35.463250
105.933289	35.464840
105.937501	35.464599
105.940582	35.465278
105.945077	35.466411
105.950134	35.468460
105.952666	35.469829
105.954635	35.470969
105.958847	35.472790
105.961662	35.473927
105.966156	35.475518
105.971779	35.478481
105.975708	35.478242
105.978799	35.478691
105.983291	35.479596
105.986938	35.480042
105.992553	35.480943
105.996376	35.480304
106.036675	35.489911
106.054664	35.490627
106.052360	35.482638
106.051843	35.480571
106.050209	35.477581
106.049416	35.474830
106.047807	35.470691
106.046471	35.467015
106.045701	35.462890
106.048896	35.456061
106.052506	35.457932
106.054161	35.459778
106.057739	35.463250
106.059952	35.464879
106.063523	35.469032
106.064857	35.472710
106.065360	35.476375
106.065819	35.482100
106.066062	35.484391
106.067405	35.487839
106.070443	35.490387
106.073235	35.491107
106.076576	35.492058
106.085182	35.497184
106.087090	35.500178
106.087327	35.502701
106.085877	35.505427
106.082481	35.507451
106.078552	35.508094
106.074616	35.508739
106.069878	35.507312
106.063735	35.505874
106.059822	35.505142
106.054788	35.504627
106.049767	35.503428
106.043640	35.501072
106.036103	35.499157
106.033890	35.498904
106.029678	35.498234
106.023224	35.498027
106.017608	35.498271
106.014251	35.500573
106.012863	35.502868
106.013161	35.506072
106.015137	35.509274
106.018800	35.511554
106.023019	35.513370
106.026123	35.516570
106.026704	35.520005
106.025024	35.521609
106.023071	35.524365
106.019149	35.526669
106.016060	35.525990
106.012131	35.525547
106.008193	35.525101
106.003983	35.525340
106.000054	35.524896
105.995566	35.525140
105.990516	35.526986
105.987159	35.529057
105.985481	35.530662
105.981279	35.532738
105.978484	35.535038
105.975676	35.536647
105.972039	35.538949
105.968117	35.540332
105.963905	35.540116
105.959121	35.538983
105.954911	35.538536
105.950699	35.538090
105.945649	35.538559
105.940872	35.538798
105.937225	35.539040
105.933579	35.539277
105.929367	35.540202
105.925155	35.540902
105.922347	35.541137
105.917579	35.541836
105.911972	35.544827
105.908615	35.547352
105.904412	35.549424
105.900764	35.551037
105.895996	35.552193
105.891784	35.552200
105.887565	35.551751
105.883918	35.551299
105.881942	35.548558
105.879684	35.545353
105.876586	35.543067
105.874337	35.540095
105.871520	35.537812
105.867866	35.536216
105.865325	35.534156
105.863632	35.530956
105.861665	35.528896
105.859689	35.526154
105.856589	35.522954
105.856309	35.520661
105.855737	35.517003
105.854600	35.514022
105.853752	35.511734
105.854584	35.508527
105.853173	35.506013
105.852608	35.503720
105.851470	35.500058
105.849221	35.496167
105.846962	35.492507
105.844154	35.492284
105.840790	35.492976
105.838555	35.495041
105.837998	35.496876
105.837157	35.499397
105.836608	35.501687
105.835769	35.504436
105.835220	35.507645
105.834381	35.510166
105.834671	35.513600
105.833839	35.515893
105.834687	35.518181
105.833572	35.522309
105.833579	35.526427
105.832467	35.528950
105.832756	35.531243
105.831635	35.533759
105.831086	35.537196
105.829971	35.540177
105.828011	35.542930
105.826341	35.547512
105.824944	35.550721
105.823266	35.553932
105.819617	35.556911
105.817384	35.559436
105.817673	35.563329
105.817680	35.566535
105.817406	35.570661
105.816848	35.572719
105.814049	35.574558
105.807579	35.572277
105.803650	35.570907
105.798592	35.570228
105.795777	35.570004
105.791566	35.569779
105.789603	35.572990
105.788774	35.575508
105.787370	35.578715
105.786538	35.581466
105.784575	35.585591
105.783181	35.589261
105.779534	35.593156
105.776450	35.595681
105.774208	35.598202
105.770844	35.601413
105.766349	35.603936
105.762137	35.606461
105.758208	35.608529
105.755683	35.611507
105.754844	35.614484
105.754571	35.617691
105.754012	35.620895
105.753739	35.624104
105.751213	35.626855
105.747849	35.630294
105.745324	35.632129
105.741668	35.633050
105.736894	35.634654
105.733803	35.636033
105.730988	35.637410
105.726777	35.639703
105.722565	35.641537
105.718911	35.642686
105.715821	35.645207
105.712730	35.647269
105.710488	35.650936
105.711053	35.653455
105.711898	35.655745
105.713585	35.658950
105.715278	35.662385
105.716689	35.665589
105.717254	35.669026
105.717544	35.671772
105.716698	35.674061
105.715860	35.676125
105.712486	35.679790
105.709679	35.681167
105.706305	35.681171
105.702645	35.682088
105.699272	35.683006
105.695053	35.684613
105.692811	35.686673
105.691407	35.688508
105.691407	35.691257
105.691689	35.694461
105.691696	35.697212
105.691979	35.699730
105.693383	35.701791
105.694511	35.704765
105.695924	35.707283
105.697617	35.709800
105.700432	35.712548
105.702682	35.714378
105.707465	35.717125
105.712258	35.718499
105.714784	35.717809
105.717316	35.717346
105.720131	35.715516
105.721535	35.713909
105.723504	35.711158
105.725746	35.708179
105.727996	35.705658
105.729958	35.703366
105.732208	35.702222
105.735863	35.702217
105.740089	35.702443
105.744308	35.703354
105.748253	35.706101
105.750512	35.709759
105.751640	35.712968
105.753333	35.716400
105.754746	35.719146
105.755592	35.722123
105.755036	35.726699
105.753638	35.729455
105.751954	35.731743
105.748298	35.734268
105.745484	35.734496
105.740973	35.732899
105.737602	35.731987
105.733657	35.730613
105.728310	35.730164
105.725213	35.730624
105.722123	35.731312
105.718460	35.732003
105.715652	35.733608
105.711999	35.735900
105.708336	35.737507
105.705521	35.738193
105.701583	35.738884
105.697930	35.740032
105.693421	35.740493
105.690331	35.741639
105.686103	35.742100
105.683015	35.743474
105.679915	35.745078
105.676818	35.745767
105.672599	35.746685
105.668381	35.746913
105.663872	35.747376
105.659371	35.746001
105.653457	35.744629
105.648393	35.744176
105.642761	35.743485
105.635727	35.741653
105.630096	35.740055
105.625877	35.738220
105.621934	35.736846
105.618834	35.735932
105.614898	35.735932
105.612084	35.733867
105.608986	35.732265
105.603920	35.729514
105.599984	35.727912
105.597169	35.726998
105.590981	35.724475
105.588729	35.723329
105.586753	35.721268
105.585067	35.719666
105.583100	35.718059
105.580565	35.715999
105.578599	35.712792
105.576912	35.709583
105.575508	35.707981
105.574943	35.705918
105.574104	35.703400
105.574387	35.701570
105.573822	35.698130
105.572983	35.696300
105.571855	35.694012
105.569329	35.691261
105.566795	35.689431
105.562859	35.688282
105.560890	35.690112
105.559762	35.693547
105.559196	35.696063
105.558914	35.699730
105.560318	35.702705
105.561156	35.706142
105.562287	35.707976
105.562843	35.710037
105.562278	35.713013
105.560876	35.716450
105.559180	35.719655
105.557213	35.722629
105.554399	35.724461
105.551299	35.726519
105.548767	35.727666
105.544541	35.728347
105.540040	35.729031
105.534691	35.728340
105.529068	35.726506
105.524284	35.725352
105.518935	35.724666
105.513589	35.724202
105.507401	35.723739
105.500930	35.723504
105.494170	35.724181
105.489106	35.724865
105.484040	35.727609
105.481507	35.730125
105.479531	35.732639
105.476708	35.735157
105.474449	35.739964
105.472756	35.743627
105.471345	35.746831
105.468803	35.749573
105.467675	35.751403
105.465141	35.751629
105.462044	35.752312
105.459229	35.752540
105.455573	35.752075
105.451913	35.753445
105.450210	35.758022
105.450766	35.760545
105.450203	35.762375
105.451325	35.765354
105.451598	35.767642
105.451598	35.769474
105.449342	35.773137
105.446235	35.775651
105.443138	35.776790
105.438910	35.777697
105.436089	35.780902
105.432419	35.783874
105.430443	35.786160
105.430154	35.789597
105.430145	35.792801
105.430703	35.796238
105.430421	35.798757
105.430411	35.801045
105.430122	35.804024
105.428422	35.809747
105.425881	35.812947
105.423905	35.815693
105.422202	35.817749
105.419663	35.820495
105.414590	35.821858
105.409516	35.822765
105.406417	35.823219
105.403039	35.822296
105.399666	35.819312
105.397414	35.817250
105.395730	35.814729
105.394889	35.812436
105.392929	35.809227
105.390397	35.807388
105.387024	35.804176
105.384216	35.801423
105.379432	35.800498
105.374358	35.801175
105.372382	35.802089
105.369002	35.804370
105.367302	35.807116
105.368424	35.810093
105.368690	35.813072
105.370370	35.816739
105.372619	35.819950
105.372886	35.823387
105.373444	35.826361
105.373435	35.829338
105.372581	35.833691
105.371437	35.837119
105.371437	35.839412
105.373116	35.842163
105.374801	35.845600
105.378456	35.847671
105.381836	35.848362
105.385499	35.849513
105.389152	35.851357
105.392250	35.854336
105.392525	35.856396
105.391671	35.859147
105.390816	35.861889
105.388557	35.864865
105.383195	35.867370
105.379525	35.868740
105.375008	35.870793
105.371339	35.871928
105.367111	35.873291
105.362313	35.873970
105.358361	35.875563
105.354699	35.876477
105.349899	35.878296
105.346222	35.880119
105.342833	35.881257
105.339447	35.883308
105.336060	35.884445
105.332101	35.889245
105.330116	35.891991
105.328979	35.894733
105.329810	35.898170
105.330925	35.902523
105.332611	35.905507
105.334015	35.907341
105.334847	35.910778
105.336807	35.913985
105.337081	35.916736
105.336791	35.919022
105.335091	35.922227
105.333389	35.925426
105.331123	35.927024
105.328858	35.930226
105.326866	35.934345
105.326850	35.938465
105.327973	35.940986
105.328247	35.944877
105.328231	35.948086
105.328217	35.951748
105.329339	35.954499
105.329895	35.958164
105.330444	35.962054
105.330993	35.966180
105.331825	35.970989
105.331809	35.974651
105.332078	35.979690
105.333190	35.984502
105.333740	35.988397
105.334015	35.990913
105.333717	35.994350
105.331002	36.000000
105.321747	36.007434
105.322875	36.012303
105.324340	36.016261
105.325341	36.018593
105.327217	36.020275
105.330193	36.022454
105.334542	36.025371
105.337760	36.028252
105.340454	36.030419
105.342063	36.031857
105.343934	36.033763
105.348563	36.036694
105.349571	36.038800
105.351715	36.040714
105.353837	36.043091
105.356194	36.046394
105.357773	36.048290
105.359603	36.050888
105.363045	36.054920
105.364907	36.056828
105.369018	36.059048
105.370919	36.060269
105.374206	36.061997
105.376038	36.064590
105.377877	36.066956
105.379746	36.068864
105.382698	36.071498
105.386322	36.072324
105.390816	36.072720
105.393891	36.073292
105.396065	36.074753
105.400147	36.077431
105.403069	36.080754
105.404853	36.084034
105.407470	36.087806
105.409234	36.091546
105.414649	36.095650
105.416557	36.096870
105.418991	36.098798
105.422279	36.100526
105.424752	36.101765
105.428055	36.103263
105.430808	36.104514
105.434432	36.105335
105.439544	36.104835
105.446265	36.105770
105.451104	36.105029
105.456528	36.104081
105.459992	36.102600
105.463730	36.101360
105.466857	36.101013
105.470864	36.100013
105.473954	36.100357
105.477859	36.101189
105.480958	36.101298
105.484336	36.101421
105.487946	36.102474
105.491203	36.104888
105.493562	36.108188
105.493972	36.110957
105.494416	36.113270
105.495980	36.115623
105.496903	36.119331
105.498352	36.123745
105.498817	36.125603
105.499497	36.128614
105.500192	36.131390
105.501190	36.133723
105.501655	36.135579
105.503234	36.137698
105.503670	36.140014
105.504638	36.143031
105.504670	36.147628
105.503426	36.149648
105.502740	36.151920
105.502343	36.153974
105.501641	36.156476
105.500976	36.158288
105.500846	36.160581
105.499565	36.163288
105.498330	36.165310
105.498177	36.168061
105.497170	36.171010
105.495590	36.173934
105.494544	36.177574
105.492675	36.180722
105.491173	36.182274
105.489938	36.184293
105.487716	36.188580
105.487007	36.191308
105.484862	36.194214
105.483650	36.195777
105.482590	36.199643
105.480995	36.202802
105.480309	36.205070
105.478973	36.208698
105.477134	36.211387
105.474121	36.214722
105.471427	36.217377
105.469323	36.219601
105.467545	36.221142
105.465150	36.223578
105.463623	36.225591
105.463174	36.228561
105.463288	36.231549
105.462570	36.234279
105.460191	36.236487
105.458969	36.238049
105.458358	36.243999
105.457344	36.246949
105.457474	36.249706
105.457292	36.252918
105.457458	36.254989
105.458732	36.257560
105.459723	36.260124
105.460701	36.262916
105.462265	36.265271
105.464637	36.268341
105.466492	36.270706
105.469148	36.273788
105.470422	36.276359
105.471374	36.279609
105.472398	36.281482
105.474273	36.283390
105.474403	36.286152
105.473717	36.288422
105.472420	36.291360
105.471725	36.293632
105.470146	36.296559
105.468895	36.298808
105.467324	36.301507
105.464630	36.304169
105.462242	36.306373
105.460412	36.308834
105.459099	36.312004
105.456093	36.315108
105.453093	36.318215
105.449830	36.320850
105.448319	36.322632
105.444526	36.324558
105.439881	36.326686
105.433044	36.327354
105.430733	36.328186
105.427765	36.330604
105.423989	36.332302
105.421058	36.334034
105.418334	36.337148
105.417388	36.338951
105.416718	36.340760
105.414574	36.343666
105.413040	36.345676
105.410651	36.347885
105.408454	36.351707
105.405991	36.355294
105.404762	36.356853
105.403816	36.358658
105.401947	36.361573
105.400680	36.364055
105.398437	36.368566
105.397612	36.373126
105.396897	36.375859
105.396149	36.379043
105.396026	36.381108
105.395142	36.386815
105.393868	36.394345
105.392753	36.398899
105.392152	36.404617
105.392152	36.409672
105.391746	36.411723
105.391860	36.414716
105.391099	36.418130
105.390868	36.422257
105.389565	36.425193
105.388252	36.428361
105.386978	36.430838
105.384544	36.433731
105.382461	36.435492
105.380120	36.436787
105.376900	36.438503
105.374504	36.440707
105.372704	36.442478
105.369935	36.446282
105.368713	36.447845
105.367455	36.450097
105.366135	36.453263
105.365121	36.456207
105.364975	36.458728
105.364845	36.461019
105.364663	36.464230
105.364234	36.466739
105.363494	36.469700
105.362671	36.474263
105.362739	36.477937
105.361686	36.481574
105.360360	36.484970
105.359902	36.487938
105.358924	36.490196
105.357094	36.492427
105.355843	36.494447
105.354562	36.496924
105.353301	36.499176
105.351784	36.500958
105.350243	36.502969
105.348121	36.505414
105.346298	36.507413
105.342774	36.509576
105.339508	36.511982
105.335387	36.514583
105.330200	36.520816
105.328650	36.523057
105.325624	36.526391
105.324090	36.528397
105.320489	36.531708
105.318162	36.532768
105.314971	36.533798
105.311860	36.533680
105.309601	36.533368
105.305984	36.532082
105.303170	36.531743
105.299842	36.530238
105.297928	36.529019
105.293068	36.524700
105.289237	36.522259
105.285324	36.521190
105.282249	36.520386
105.279656	36.520976
105.275932	36.521523
105.272499	36.522084
105.269906	36.522674
105.266708	36.523930
105.264930	36.525242
105.262879	36.526309
105.259957	36.527804
105.256409	36.530197
105.253129	36.532830
105.251000	36.535275
105.248001	36.537914
105.245872	36.540362
105.244621	36.542382
105.243857	36.545566
105.245079	36.549057
105.246909	36.551658
105.249938	36.553378
105.253594	36.553978
105.257546	36.554358
105.259476	36.555352
105.261543	36.558876
105.262291	36.560742
105.263481	36.564690
105.264023	36.569996
105.264329	36.574372
105.263321	36.577088
105.262366	36.578891
105.261375	36.581150
105.259422	36.585437
105.258423	36.587928
105.257172	36.589947
105.254754	36.592381
105.253525	36.593940
105.251404	36.596160
105.248420	36.598571
105.245141	36.601204
105.243363	36.602512
105.239541	36.604664
105.237754	36.605972
105.235664	36.607731
105.231773	36.611027
105.229697	36.612552
105.226060	36.616317
105.225036	36.619266
105.223671	36.623120
105.222098	36.625588
105.221994	36.627418
105.221848	36.629939
105.221741	36.631774
105.222114	36.635006
105.222800	36.637786
105.223151	36.641476
105.223863	36.644029
105.223922	36.647710
105.224006	36.651158
105.223320	36.653195
105.221451	36.655885
105.219033	36.658314
105.217164	36.660999
105.215042	36.663215
105.213356	36.667743
105.212059	36.670453
105.211067	36.672709
105.210106	36.674510
105.208526	36.677204
105.206780	36.682651
105.205764	36.685368
105.205078	36.687408
105.204590	36.690430
105.202988	36.693760
105.201951	36.696937
105.201545	36.698990
105.201110	36.701499
105.200431	36.703309
105.199134	36.706017
105.198997	36.708305
105.199859	36.711270
105.200912	36.714356
105.201659	36.716220
105.203239	36.718349
105.204567	36.720008
105.206970	36.722625
105.207542	36.723210
105.208854	36.724537
105.211295	36.726472
105.213219	36.727691
105.220695	36.731194
105.223701	36.733380
105.225013	36.735267
105.228026	36.737218
105.229934	36.738670
105.232430	36.739914
105.235245	36.740482
105.240860	36.741845
105.243980	36.741963
105.247201	36.740480
105.250626	36.740379
105.254036	36.740509
105.257439	36.740639
105.260826	36.741227
105.264153	36.742734
105.266389	36.743504
105.268609	36.744511
105.273019	36.746975
105.274940	36.748197
105.277160	36.749195
105.279679	36.749981
105.281951	36.750068
105.285103	36.749728
105.289338	36.750348
105.292435	36.750923
105.296020	36.752896
105.299530	36.756244
105.299981	36.758332
105.300690	36.760882
105.301934	36.763916
105.304672	36.765858
105.306527	36.768223
105.308991	36.769924
105.310859	36.772061
105.313316	36.773990
105.316024	36.776390
105.319846	36.779289
105.322595	36.780998
105.324746	36.783149
105.326378	36.784588
105.329017	36.788132
105.330337	36.790021
105.330200	36.792309
105.329163	36.795486
105.327301	36.798171
105.323784	36.799881
105.320863	36.801148
105.317977	36.801731
105.315636	36.802791
105.313836	36.804329
105.310531	36.807194
105.308129	36.809398
105.306504	36.812783
105.304947	36.815021
105.302796	36.817697
105.301499	36.820404
105.300811	36.822444
105.299842	36.824475
105.299163	36.826291
105.298126	36.829464
105.296134	36.834214
105.295448	36.836258
105.294418	36.839203
105.293900	36.843319
105.292054	36.845543
105.288727	36.848866
105.286087	36.850142
105.283507	36.850277
105.280381	36.850158
105.277550	36.849823
105.274095	36.850379
105.270829	36.852554
105.270669	36.855305
105.272461	36.858819
105.274307	36.861413
105.276390	36.864708
105.276841	36.866791
105.275825	36.869510
105.272545	36.871915
105.269035	36.873390
105.266669	36.874905
105.264579	36.876435
105.261901	36.878399
105.258973	36.879669
105.254296	36.881558
105.251085	36.882816
105.248742	36.883874
105.246681	36.884940
105.244851	36.886944
105.242408	36.889603
105.239440	36.891559
105.237640	36.893097
105.234711	36.894364
105.231780	36.895629
105.229157	36.896678
105.226226	36.897945
105.224175	36.898784
105.221604	36.898918
105.219338	36.898601
105.216492	36.898492
105.213966	36.897706
105.209481	36.896386
105.207015	36.894684
105.204590	36.892293
105.202514	36.888767
105.200921	36.886868
105.199006	36.885414
105.196556	36.883484
105.192192	36.884922
105.189231	36.886647
105.187102	36.888863
105.186088	36.891579
105.184525	36.893817
105.182952	36.896281
105.180778	36.899185
105.179175	36.902107
105.179315	36.904641
105.179978	36.907882
105.180696	36.910209
105.180871	36.912053
105.181259	36.915054
105.180794	36.918022
105.180687	36.919857
105.180099	36.924884
105.180137	36.929023
105.180001	36.931316
105.179764	36.935211
105.179656	36.937046
105.178879	36.940460
105.179032	36.942764
105.177970	36.946167
105.177573	36.947990
105.177407	36.950741
105.177193	36.954406
105.176400	36.958053
105.174171	36.961872
105.171333	36.966353
105.170975	36.972313
105.169770	36.982834
105.169610	36.985585
105.168343	36.987606
105.166825	36.989154
105.165298	36.990704
105.163169	36.992917
105.160507	36.994423
105.157059	36.994747
105.153594	36.995301
105.149688	36.993771
105.146500	36.994569
105.143386	36.993988
105.139434	36.993144
105.136902	36.992584
105.132615	36.992650
105.129989	36.993466
105.125320	36.995120
105.122414	36.995925
105.119804	36.996513
105.116059	36.997055
105.112579	36.997842
105.108237	36.998817
105.105614	36.999633
105.100937	37.001286
105.098617	37.001885
105.094246	37.003319
105.089829	37.005443
105.086563	37.007382
105.083946	37.008198
105.081009	37.009461
105.077499	37.010703
105.075181	37.011300
105.071976	37.012321
105.064407	37.014550
105.054871	37.016239
105.051690	37.016800
105.048011	37.016198
105.045700	37.016563
105.043448	37.016013
105.040855	37.016373
105.037117	37.016681
105.033958	37.017014
105.031875	37.018311
105.028351	37.019778
105.026015	37.020604
105.022781	37.022083
105.020087	37.024045
105.017959	37.026028
105.016723	37.027585
105.014923	37.028888
105.013129	37.030196
105.010207	37.031227
105.005813	37.032890
105.001663	37.035252
104.999855	37.036785
104.996918	37.038048
104.992836	37.039261
104.989342	37.040272
104.987015	37.040867
104.984704	37.041232
104.982399	37.041599
104.980057	37.042424
104.977135	37.043454
104.974464	37.044956
104.972084	37.046467
104.970557	37.048015
104.968704	37.050237
104.967729	37.052037
104.965858	37.054485
104.964294	37.056721
104.962188	37.058246
104.960069	37.060226
104.957924	37.062435
104.955216	37.064625
104.953926	37.066872
104.952340	37.069331
104.951011	37.072265
104.949113	37.075175
104.947159	37.079002
104.945243	37.082142
104.942802	37.084567
104.940988	37.086106
104.937432	37.088027
104.934807	37.088841
104.931306	37.089844
104.928933	37.091125
104.925118	37.091979
104.920373	37.093875
104.914650	37.096328
104.910600	37.099553
104.911712	37.114593
104.894990	37.129008
104.884041	37.157680
104.855194	37.181210
104.852516	37.194016
104.853257	37.215866
104.848275	37.219472
104.845939	37.220062
104.839019	37.220696
104.834342	37.222111
104.829171	37.222355
104.826012	37.222455
104.823396	37.223034
104.820458	37.224060
104.817841	37.224641
104.815781	37.225475
104.811660	37.227143
104.809853	37.228442
104.807143	37.230400
104.803749	37.234165
104.801835	37.237071
104.799706	37.239052
104.797897	37.240353
104.796600	37.242596
104.795358	37.244155
104.793252	37.245675
104.791137	37.247195
104.788507	37.248004
104.785004	37.249005
104.782157	37.248656
104.780213	37.247658
104.776619	37.245666
104.773369	37.242776
104.770125	37.239651
104.766319	37.236504
104.764457	37.234357
104.761535	37.230790
104.758515	37.228821
104.756332	37.227121
104.751922	37.224406
104.747772	37.222163
104.742776	37.219659
104.739480	37.217450
104.737869	37.215775
104.735405	37.214059
104.731843	37.211609
104.729659	37.209909
104.725258	37.207196
104.721657	37.205204
104.718056	37.203443
104.715271	37.202175
104.712235	37.200439
104.708625	37.198677
104.704988	37.197373
104.701599	37.196537
104.696778	37.195874
104.693681	37.195053
104.690246	37.194905
104.685403	37.194470
104.679147	37.193740
104.676574	37.193631
104.672829	37.193932
104.669037	37.194916
104.666726	37.195279
104.663460	37.196977
104.661110	37.197793
104.658464	37.198830
104.654938	37.200054
104.651932	37.202226
104.650079	37.204213
104.646699	37.207511
104.644547	37.209722
104.642387	37.211926
104.640534	37.213913
104.638688	37.215900
104.635675	37.218068
104.632912	37.220707
104.630745	37.223141
104.626221	37.226391
104.623085	37.230393
104.621482	37.232848
104.618599	37.237320
104.614036	37.241260
104.613214	37.244900
104.612603	37.249702
104.610337	37.253508
104.608735	37.255970
104.606262	37.258618
104.593536	37.273872
104.603325	37.277473
104.607094	37.278210
104.611801	37.278939
104.612740	37.278934
104.613685	37.279682
104.615577	37.281177
104.615600	37.284940
104.613793	37.293977
104.615700	37.297730
104.620416	37.299964
104.622307	37.301461
104.628876	37.299923
104.629822	37.299918
104.630752	37.299159
104.640114	37.293847
104.644805	37.292318
104.646699	37.293815
104.658042	37.301281
104.659004	37.304283
104.659950	37.305031
104.659972	37.307289
104.660918	37.308037
104.669456	37.317021
104.700607	37.330395
104.709145	37.337871
104.711066	37.343129
104.712014	37.343876
104.713623	37.347637
104.706955	37.348886
104.702918	37.349175
104.698891	37.349232
104.693948	37.350171
104.688767	37.350410
104.684692	37.351153
104.681709	37.352863
104.678702	37.354805
104.677139	37.356803
104.675523	37.359493
104.673966	37.361268
104.672348	37.363953
104.674187	37.366563
104.676925	37.368516
104.695680	37.384483
104.702216	37.389817
104.710159	37.395667
104.714517	37.399300
104.717247	37.401481
104.719132	37.403400
104.721306	37.405331
104.723412	37.408177
104.726747	37.409928
104.732171	37.414753
104.734840	37.417850
104.735457	37.421554
104.732278	37.421880
104.729997	37.421554
104.727449	37.420986
104.724579	37.420868
104.720269	37.420913
104.717133	37.420551
104.713104	37.420608
104.710542	37.420268
104.705933	37.420302
104.702271	37.419231
104.698829	37.419088
104.692794	37.419056
104.689453	37.417538
104.687233	37.416293
104.684220	37.414096
104.680619	37.412102
104.677841	37.410607
104.675644	37.409135
104.673394	37.408348
104.669969	37.407975
104.667665	37.408104
104.663911	37.408401
104.660964	37.409424
104.658325	37.410229
104.655701	37.410807
104.651009	37.412216
104.648094	37.412781
104.645737	37.413597
104.643020	37.415546
104.640632	37.416824
104.637719	37.417390
104.633133	37.417191
104.630273	37.417068
104.625922	37.417572
104.622711	37.418349
104.619506	37.418898
104.615785	37.418739
104.611472	37.418784
104.606009	37.418778
104.601693	37.418819
104.598541	37.418682
104.595375	37.418773
104.591888	37.419316
104.588975	37.419876
104.586074	37.420209
104.582336	37.420277
104.577399	37.420982
104.572242	37.420758
104.568214	37.420811
104.564454	37.421109
104.562150	37.421237
104.557288	37.420792
104.553833	37.420872
104.546654	37.420788
104.541802	37.420346
104.537118	37.421517
104.534171	37.422536
104.506188	37.432334
104.497429	37.434246
104.491531	37.436284
104.487168	37.437008
104.482476	37.438412
104.478615	37.440074
104.474205	37.441489
104.471641	37.441147
104.469384	37.440587
104.465209	37.438561
104.462387	37.437747
104.459352	37.436001
104.456901	37.434055
104.455750	37.429868
104.456040	37.425743
104.456505	37.423238
104.456557	37.418411
104.455552	37.416298
104.453759	37.413230
104.449836	37.411674
104.446723	37.411076
104.417030	37.408139
104.412080	37.409066
104.409744	37.409650
104.406815	37.410438
104.403260	37.411883
104.400078	37.412200
104.394547	37.413100
104.390136	37.414513
104.386064	37.415245
104.379639	37.416565
104.375283	37.417285
104.371507	37.417804
104.365501	37.417305
104.360886	37.417554
104.356674	37.420120
104.352517	37.422000
104.348390	37.423420
104.341971	37.424735
104.333833	37.425973
104.320167	37.428108
104.312097	37.428425
104.300835	37.429059
104.295860	37.429695
104.287300	37.429355
104.280471	37.428352
104.279076	37.428288
104.281128	37.429501
104.284783	37.432309
104.289048	37.434665
104.294173	37.436806
104.302399	37.441289
104.308372	37.444122
104.313514	37.445576
104.319533	37.446351
104.327278	37.446923
104.332169	37.447219
104.337609	37.447987
104.344207	37.448541
104.347922	37.449051
104.351646	37.449794
104.355056	37.451447
104.357873	37.453781
104.360138	37.455649
104.362404	37.457058
104.367516	37.460114
104.370636	37.461995
104.375762	37.464130
104.382346	37.465370
104.389808	37.466161
104.395363	37.467086
104.403091	37.477479
104.405610	37.485447
104.406533	37.490844
104.406799	37.500068
104.407371	37.504232
104.407098	37.508124
104.406799	37.512250
104.409448	37.515586
104.414573	37.516277
104.418931	37.515782
104.435592	37.516300
104.462241	37.517947
104.471137	37.518342
104.480926	37.518319
104.487718	37.519996
104.497878	37.522975
104.505866	37.524017
104.514586	37.526927
104.520455	37.529484
104.524444	37.530120
104.529289	37.530793
104.533882	37.530995
104.537865	37.531627
104.541840	37.532493
104.546273	37.534984
104.549095	37.535798
104.551948	37.536151
104.555077	37.536748
104.559930	37.537418
104.563050	37.538017
104.566193	37.538384
104.571341	37.538838
104.575095	37.538770
104.577981	37.538665
104.583526	37.537530
104.587913	37.536572
104.590272	37.535752
104.593217	37.534733
104.600357	37.531365
104.628739	37.520409
104.635207	37.518390
104.639633	37.516742
104.643761	37.515313
104.648476	37.513676
104.652283	37.512687
104.656700	37.511270
104.662835	37.509925
104.667503	37.508977
104.671295	37.508218
104.676567	37.506837
104.681838	37.505451
104.687324	37.505225
104.698800	37.505715
104.706528	37.506271
104.712317	37.505825
104.720550	37.507552
104.728821	37.508592
104.736725	37.510994
104.743790	37.512901
104.751145	37.514816
104.756706	37.517806
104.761162	37.520065
104.763924	37.521785
104.766898	37.524669
104.769950	37.526405
104.776452	37.528286
104.779846	37.529117
104.783759	37.530891
104.788491	37.533386
104.792420	37.534927
104.795777	37.536445
104.798842	37.537951
104.802261	37.538555
104.805719	37.538466
104.812004	37.539189
104.814559	37.539752
104.817673	37.540570
104.821992	37.540520
104.826028	37.540458
104.853774	37.543209
104.862695	37.543346
104.869309	37.543389
104.871864	37.543952
104.877320	37.544173
104.880492	37.544075
104.883950	37.543987
104.888861	37.543729
104.896057	37.543793
104.900941	37.543991
104.907243	37.544479
104.911530	37.544884
104.914422	37.544768
104.917016	37.544647
104.921943	37.544155
104.924813	37.544274
104.930884	37.543827
104.936958	37.543385
104.941329	37.542642
104.945967	37.542140
104.951134	37.542348
104.957138	37.543050
104.960868	37.543198
104.964889	37.543362
104.967476	37.543465
104.970901	37.543834
104.973199	37.543923
104.976089	37.543811
104.979286	37.543250
104.982413	37.543834
104.985260	37.544406
104.990060	37.545974
104.994294	37.547294
104.996528	37.548301
105.001006	37.550320
105.006570	37.553527
105.010200	37.555280
105.016388	37.557595
105.021400	37.560321
105.027763	37.564480
105.048164	37.583664
105.055678	37.587867
105.059562	37.590317
105.065659	37.594230
105.069718	37.598526
105.074356	37.602615
105.077362	37.605259
105.081132	37.609544
105.084083	37.613106
105.087677	37.615540
105.093924	37.621757
105.099433	37.625878
105.102683	37.629224
105.104912	37.630459
105.107064	37.633069
105.112433	37.634655
105.115563	37.635466
105.120736	37.635667
105.126717	37.636818
105.130990	37.637673
105.134354	37.639179
105.136307	37.640175
105.145027	37.643726
105.154586	37.647769
105.161606	37.650798
105.169822	37.653180
105.174079	37.654262
105.179458	37.655846
105.183709	37.657157
105.188447	37.659867
105.192650	37.661866
105.195168	37.663108
105.198990	37.666702
105.201477	37.668405
105.204269	37.669888
105.206505	37.671124
105.210434	37.672878
105.213821	37.674157
105.218299	37.676395
105.223106	37.677956
105.227669	37.678818
105.231400	37.679187
105.237724	37.679429
105.242882	37.680081
105.246551	37.681371
105.252801	37.682980
105.257913	37.684322
105.262482	37.684951
105.265044	37.685509
105.269944	37.685692
105.274781	37.686790
105.278999	37.688557
105.284622	37.691066
105.288811	37.693290
105.291626	37.694542
105.294158	37.695556
105.299270	37.696896
105.302383	37.697928
105.306319	37.699683
105.310830	37.701459
105.314597	37.701142
105.319534	37.700634
105.325273	37.701076
105.329567	37.701694
105.335267	37.702824
105.339820	37.703911
105.345299	37.703884
105.349320	37.704258
105.352492	37.704148
105.355651	37.704495
105.361069	37.705609
105.364770	37.706436
105.368453	37.707489
105.371911	37.707615
105.375405	37.707054
105.380624	37.706557
105.384079	37.706680
105.387176	37.707943
105.391732	37.709030
105.395461	37.709392
105.399506	37.709313
105.404160	37.708561
105.407356	37.708219
105.410300	37.707177
105.417548	37.706521
105.420768	37.705719
105.424903	37.704030
105.427291	37.702507
105.432059	37.699925
105.435287	37.698890
105.439437	37.696971
105.443229	37.696194
105.447861	37.695900
105.454217	37.695668
105.463226	37.694382
105.467231	37.694988
105.473906	37.694305
105.480828	37.694325
105.486594	37.694302
105.488869	37.694840
105.495782	37.695084
105.500969	37.695041
105.506439	37.695232
105.510170	37.695599
105.517404	37.695164
105.523735	37.695389
105.529777	37.695599
105.536088	37.696281
105.540963	37.696682
105.545569	37.696846
105.549888	37.696994
105.555634	37.697429
105.561936	37.698108
105.568550	37.698567
105.571991	37.698918
105.580322	37.699437
105.585525	37.699161
105.589295	37.698833
105.595054	37.699032
105.600105	37.701504
105.605636	37.705830
105.608558	37.710521
105.610322	37.715175
105.611083	37.717483
105.611557	37.718894
105.612984	37.724458
105.616042	37.731910
105.618363	37.737045
105.619789	37.742606
105.622116	37.747509
105.623092	37.750759
105.623780	37.753997
105.624421	37.758157
105.625113	37.761391
105.625298	37.763237
105.626014	37.766018
105.627593	37.768826
105.630036	37.771668
105.631912	37.774257
105.634093	37.776629
105.636329	37.778083
105.639725	37.779351
105.642640	37.778758
105.645256	37.778393
105.649079	37.777144
105.654321	37.776401
105.657525	37.775825
105.660119	37.775914
105.663909	37.775123
105.666519	37.774981
105.670386	37.772819
105.673340	37.771542
105.675956	37.771171
105.679405	37.771515
105.685073	37.773543
105.691375	37.774448
105.695336	37.775959
105.699883	37.777263
105.704703	37.778806
105.709510	37.780800
105.713744	37.782550
105.717095	37.784734
105.720443	37.786910
105.724427	37.787963
105.729279	37.789044
105.733254	37.790325
105.736107	37.790883
105.740098	37.791931
105.746833	37.795601
105.751373	37.797130
105.756455	37.799370
105.761109	37.804116
105.763329	37.805798
105.767692	37.810764
105.769791	37.814739
105.770789	37.817756
105.772820	37.823105
105.774132	37.825676
105.774848	37.828457
105.776099	37.832172
105.776567	37.834255
105.777900	37.836365
105.779488	37.839173
105.782440	37.843406
105.785736	37.846729
105.788498	37.849117
105.790702	37.851257
105.792876	37.853856
105.794533	37.855285
105.797530	37.858829
105.799707	37.861427
105.800750	37.863528
105.801810	37.865399
105.802246	37.868168
105.803520	37.871425
105.804497	37.874906
105.804039	37.878106
105.803650	37.879929
105.803246	37.882210
105.803353	37.885659
105.802613	37.888852
105.801911	37.891124
105.800864	37.894536
105.799531	37.897939
105.798569	37.899741
105.797286	37.902226
105.796197	37.906551
105.795463	37.909514
105.795495	37.914341
105.794403	37.918667
105.794487	37.922574
105.794296	37.926243
105.793854	37.929211
105.794503	37.933368
105.794647	37.936128
105.795625	37.939601
105.797195	37.942642
105.799308	37.946616
105.800919	37.948966
105.802733	37.952927
105.804878	37.956214
105.807517	37.961125
105.810257	37.964195
105.813819	37.967990
105.817069	37.972229
105.819237	37.975055
105.821372	37.978570
105.823166	37.982991
105.825019	37.986266
105.826363	37.988377
105.827690	37.990720
105.828759	37.992359
105.830910	37.995643
105.833085	37.998241
105.835532	38.001304
105.835990	38.003615
105.835792	38.007515
105.834144	38.011364
105.832000	38.013591
105.829452	38.018101
105.827271	38.021014
105.825035	38.025078
105.823218	38.026628
105.820741	38.029759
105.818557	38.032672
105.814286	38.036895
105.811729	38.041408
105.807656	38.047245
105.805177	38.050376
105.802453	38.052585
105.798417	38.057736
105.793801	38.062866
105.789535	38.066857
105.785476	38.072468
105.781120	38.078063
105.778023	38.081867
105.776444	38.084340
105.775078	38.088199
105.773759	38.091373
105.771796	38.095439
105.770668	38.100456
105.767701	38.107248
105.766602	38.111573
105.765198	38.116120
105.763778	38.121125
105.764113	38.125729
105.764831	38.128510
105.763680	38.133980
105.764932	38.137699
105.765602	38.141396
105.765891	38.146916
105.766593	38.150155
105.766908	38.155217
105.767578	38.158913
105.768173	38.164215
105.768059	38.166279
105.770233	38.174614
105.769989	38.179200
105.771065	38.186356
105.774192	38.193119
105.775482	38.196147
105.776519	38.198474
105.778939	38.202233
105.781991	38.204856
105.786125	38.209125
105.787490	38.210782
105.789925	38.214073
105.792983	38.216698
105.798622	38.219871
105.805206	38.221692
105.810029	38.223914
105.816857	38.226665
105.821632	38.229806
105.823897	38.230797
105.829269	38.233726
105.833741	38.237088
105.837365	38.239959
105.840745	38.242138
105.844635	38.245479
105.848733	38.250432
105.851129	38.254642
105.852188	38.256745
105.853492	38.259542
105.854499	38.262557
105.856316	38.266751
105.859108	38.268909
105.858536	38.274402
105.860222	38.281114
105.860268	38.285934
105.858237	38.291381
105.858087	38.294365
105.857872	38.298488
105.856209	38.302569
105.853020	38.307976
105.850823	38.311123
105.846137	38.317402
105.842705	38.321881
105.838653	38.327029
105.836738	38.330414
105.834174	38.334922
105.831047	38.339188
105.828590	38.341634
105.826523	38.347762
105.827118	38.353066
105.828064	38.357232
105.828736	38.359951
105.829269	38.362091
105.828421	38.367115
105.828720	38.372639
105.828492	38.376992
105.828339	38.379971
105.827950	38.387310
105.828102	38.390068
105.826423	38.394375
105.825005	38.399150
105.823845	38.404625
105.822708	38.409641
105.822457	38.414455
105.823029	38.420216
105.822487	38.425018
105.823998	38.429661
105.827134	38.430908
105.829994	38.431920
105.832688	38.436143
105.834550	38.439416
105.836127	38.442679
105.835289	38.447705
105.833907	38.451794
105.834290	38.455711
105.832328	38.459777
105.831589	38.462743
105.831131	38.465942
105.830368	38.469361
105.831840	38.474690
105.832620	38.476552
105.834411	38.481201
105.837021	38.487027
105.837417	38.490712
105.838425	38.493732
105.839478	38.495831
105.841622	38.499573
105.842896	38.503060
105.845551	38.507970
105.848077	38.509884
105.850784	38.513875
105.854226	38.520646
105.855126	38.525726
105.855461	38.530561
105.855637	38.532860
105.855630	38.538601
105.854285	38.541999
105.853371	38.548402
105.853203	38.551608
105.852439	38.555032
105.851425	38.557755
105.850066	38.561381
105.849608	38.564583
105.849175	38.567321
105.848945	38.571678
105.850212	38.575393
105.851502	38.578648
105.853355	38.582381
105.855591	38.584289
105.858344	38.587363
105.863183	38.589813
105.865441	38.591268
105.867294	38.594999
105.866882	38.597278
105.865218	38.601132
105.861512	38.605145
105.857567	38.608006
105.854210	38.610882
105.851425	38.613776
105.849052	38.614620
105.847427	38.617783
105.847466	38.622603
105.846741	38.625336
105.846550	38.629006
105.846429	38.631298
105.848526	38.635957
105.849228	38.639191
105.850509	38.642678
105.850960	38.645217
105.853082	38.649417
105.854675	38.652453
105.856872	38.655049
105.859384	38.657429
105.861877	38.660034
105.864357	38.662869
105.866570	38.665235
105.869904	38.668553
105.871529	38.671131
105.872514	38.674606
105.874649	38.678577
105.875390	38.681129
105.876976	38.684391
105.878036	38.686492
105.879401	38.688372
105.879846	38.691139
105.882508	38.696049
105.884231	38.702300
105.883950	38.707802
105.884042	38.711708
105.883896	38.714462
105.884582	38.718154
105.885049	38.720467
105.888673	38.724025
105.891679	38.728023
105.893616	38.730151
105.895492	38.733424
105.897361	38.736927
105.897536	38.739231
105.898293	38.741551
105.898956	38.745704
105.899093	38.748692
105.898628	38.752120
105.898507	38.754413
105.898917	38.757870
105.898156	38.761291
105.900009	38.765022
105.900367	38.769393
105.900497	38.772614
105.901231	38.775390
105.902505	38.779107
105.904396	38.782150
105.908820	38.787109
105.911567	38.790642
105.914306	38.794400
105.915343	38.796960
105.920754	38.799881
105.923302	38.801570
105.927849	38.804237
105.930335	38.807072
105.931953	38.809875
105.933006	38.812207
105.934853	38.816166
105.938132	38.820628
105.940361	38.822999
105.944587	38.826114
105.948525	38.829449
105.950180	38.831338
105.954139	38.834217
105.958091	38.837093
105.960290	38.839917
105.964233	38.843025
105.967064	38.844947
105.969033	38.846615
105.971275	38.848523
105.974074	38.851135
105.976059	38.852345
105.980873	38.855709
105.982254	38.857357
105.984139	38.860627
105.985696	38.864579
105.985299	38.866635
105.985458	38.869393
105.983833	38.872554
105.975845	38.879886
105.972718	38.883694
105.969833	38.888654
105.968276	38.890443
105.966569	38.895206
105.965890	38.897025
105.965439	38.900223
105.964629	38.904560
105.966774	38.908530
105.969001	38.910896
105.972663	38.913765
105.976043	38.916621
105.979157	38.918786
105.981712	38.920470
105.985673	38.923347
105.987906	38.925485
105.991653	38.926747
105.995628	38.929393
105.997903	38.930841
106.001039	38.932541
106.004136	38.935166
106.006324	38.938214
106.008218	38.941486
106.010682	38.945008
106.012580	38.948048
106.014511	38.950405
106.017319	38.953014
106.019295	38.954452
106.024147	38.957126
106.026458	38.957882
106.032723	38.961746
106.038521	38.963074
106.042954	38.962516
106.047339	38.962650
106.051704	38.963471
106.055970	38.966126
106.062553	38.969536
106.065987	38.971250
106.069160	38.972264
106.072761	38.976731
106.075530	38.980027
106.077973	38.984006
106.080498	38.992343
106.081223	38.995579
106.081132	38.997410
106.083024	39.000682
106.084909	39.004181
106.088218	39.008415
106.089888	39.010300
106.092010	39.014954
106.093025	39.018195
106.089927	39.021550
106.086297	39.023736
106.085000	39.026222
106.085351	39.031052
106.084191	39.036754
106.083131	39.040399
106.082923	39.044522
106.083131	39.046363
106.084968	39.050782
106.086235	39.054951
106.086335	39.058857
106.086999	39.063236
106.087685	39.067158
106.089790	39.072272
106.090180	39.076188
106.090859	39.080338
106.091864	39.083812
106.093788	39.086619
106.096580	39.089462
106.100532	39.092791
106.104240	39.095196
106.108124	39.099902
106.109437	39.103157
106.110977	39.107562
106.112564	39.111282
106.113854	39.114995
106.116607	39.118748
106.119125	39.121344
106.121803	39.126705
106.126487	39.133271
106.127838	39.135605
106.131469	39.139614
106.133981	39.142445
106.135606	39.145246
106.138366	39.148997
106.141440	39.152306
106.149139	39.157348
106.152572	39.159287
106.155487	39.159832
106.158980	39.160621
106.163933	39.161683
106.166244	39.162442
106.170219	39.159344
106.172646	39.157806
106.173920	39.155778
106.175782	39.153767
106.176781	39.151272
106.180496	39.147479
106.185097	39.143482
106.188393	39.142196
106.190772	39.141579
106.194061	39.140530
106.199684	39.139771
106.202628	39.139630
106.207405	39.138158
106.213623	39.137191
106.216278	39.137036
106.219505	39.137130
106.223359	39.136551
106.226586	39.136647
106.232489	39.136125
106.234864	39.135735
106.238768	39.134010
106.241813	39.131801
106.246559	39.130791
106.249467	39.131562
106.252915	39.133267
106.256347	39.135202
106.259484	39.137355
106.264108	39.139094
106.268188	39.139897
106.272545	39.140938
106.277154	39.143135
106.280570	39.145526
106.281951	39.147404
106.283189	39.152484
106.286209	39.156933
106.288123	39.160199
106.289222	39.161838
106.291031	39.167164
106.288581	39.175590
106.286300	39.180344
106.283387	39.186229
106.282676	39.188732
106.281799	39.194903
106.281860	39.199954
106.282539	39.204339
106.283241	39.208259
106.283943	39.212182
106.284515	39.218848
106.282516	39.223842
106.281967	39.229337
106.281113	39.235050
106.279389	39.240509
106.277671	39.245740
106.277229	39.248940
106.276488	39.252133
106.276231	39.257632
106.275474	39.261283
106.276504	39.264527
106.278145	39.267097
106.280098	39.269447
106.282662	39.271355
106.286423	39.272839
106.291129	39.272968
106.297249	39.274521
106.302247	39.274657
106.306976	39.274334
106.311104	39.274220
106.318114	39.275558
106.322853	39.275006
106.325738	39.276234
106.329521	39.277255
106.332719	39.278263
106.337922	39.280471
106.349297	39.282853
106.355996	39.284642
106.362412	39.285969
106.369422	39.287309
106.375327	39.287010
106.381187	39.287860
106.386436	39.288922
106.392913	39.289098
106.398148	39.290616
106.402328	39.289353
106.405900	39.288533
106.412101	39.288243
106.416527	39.288132
106.423347	39.287170
106.428383	39.286618
106.432794	39.286734
106.437805	39.286641
106.440139	39.287163
106.442765	39.287694
106.446915	39.287117
106.451065	39.286536
106.454926	39.285953
106.457290	39.285786
106.460770	39.287026
106.465424	39.288296
106.469834	39.288642
106.473328	39.289428
106.476845	39.289978
106.479470	39.290509
106.482109	39.290805
106.485282	39.292266
106.488473	39.293499
106.491623	39.295646
106.495659	39.297588
106.499100	39.299748
106.501954	39.301888
106.503472	39.303306
106.506280	39.305938
106.511909	39.310180
106.515854	39.314415
106.519576	39.316808
106.523316	39.318971
106.527024	39.321819
106.529839	39.324876
106.533278	39.327260
106.536446	39.328949
106.540139	39.332256
106.542687	39.334617
106.546912	39.339088
106.549980	39.343300
106.552245	39.345420
106.556580	39.347599
106.561478	39.350249
106.565827	39.351970
106.568742	39.352729
106.572204	39.354427
106.574517	39.355633
106.578255	39.357796
106.582291	39.359963
106.590676	39.364079
106.594216	39.363940
106.597985	39.365415
106.602692	39.365766
106.608276	39.366135
106.613625	39.365353
106.617476	39.364761
106.621636	39.364177
106.626329	39.364758
106.629235	39.365745
106.633590	39.367461
106.636781	39.368690
106.645293	39.369595
106.657676	39.369674
106.662423	39.369107
106.667731	39.369007
106.676223	39.370597
106.683633	39.369633
106.686584	39.369704
106.691268	39.370511
106.696861	39.370648
106.701577	39.370766
106.705093	39.371311
106.708359	39.370930
106.711860	39.371705
106.714470	39.372918
106.722763	39.371972
106.728623	39.373036
106.731805	39.374488
106.735260	39.376637
106.737541	39.378529
106.741913	39.379785
106.745133	39.380550
106.749245	39.380879
106.754013	39.376008
