
114.127862	40.735759
114.131775	40.728965
114.137398	40.723369
114.142127	40.717293
114.149040	40.709205
114.154061	40.703365
114.159066	40.697980
114.162156	40.695760
114.165595	40.691940
114.169060	40.687671
114.170113	40.683350
114.170548	40.679471
114.171546	40.676517
114.173158	40.673577
114.176583	40.670220
114.182427	40.666680
114.187019	40.664258
114.193467	40.660732
114.196006	40.656670
114.200111	40.651036
114.201127	40.647857
114.201797	40.645580
114.201325	40.641915
114.200516	40.639153
114.197342	40.634975
114.193191	40.633289
114.191208	40.629590
114.195274	40.625100
114.200767	40.622695
114.206269	40.620293
114.211860	40.614917
114.215882	40.611573
114.222610	40.608275
114.229614	40.605675
114.234742	40.605319
114.239533	40.605873
114.243102	40.607086
114.247521	40.609921
114.251756	40.609317
114.256057	40.606429
114.258851	40.603972
114.265342	40.598614
114.271477	40.594849
114.274591	40.591706
114.276466	40.589459
114.277139	40.587184
114.276619	40.584659
114.273818	40.578430
114.268685	40.569870
114.267662	40.564365
114.265800	40.557011
114.264747	40.552418
114.265221	40.547169
114.268120	40.541278
114.270675	40.536530
114.275771	40.527715
114.277802	40.520665
114.278260	40.515872
114.277809	40.511291
114.277045	40.507159
114.273376	40.499775
114.269036	40.494884
114.264396	40.489765
114.262741	40.485387
114.264077	40.481300
114.265747	40.476074
114.267357	40.472676
114.269891	40.468610
114.272735	40.464325
114.273148	40.460904
114.273262	40.457244
114.274064	40.451088
114.273109	40.443523
114.273041	40.436435
114.273285	40.428894
114.273971	40.426396
114.276184	40.422783
114.278976	40.420089
114.281173	40.416935
114.286788	40.410186
114.290542	40.405457
114.294045	40.399124
114.297188	40.394615
114.301017	40.387375
114.302720	40.381232
114.304322	40.377834
114.305320	40.374657
114.305726	40.371464
114.307923	40.368305
114.311914	40.365411
114.315850	40.364114
114.319747	40.364189
114.324807	40.365203
114.330452	40.366685
114.334024	40.367434
114.337898	40.368196
114.340897	40.368027
114.345757	40.366062
114.353082	40.361857
114.357376	40.358509
114.360765	40.355601
114.366859	40.352287
114.372596	40.351029
114.378319	40.349990
114.384620	40.349650
114.388205	40.349944
114.392960	40.351177
114.397117	40.352401
114.401543	40.354772
114.404175	40.356878
114.405898	40.359191
114.407348	40.360820
114.410324	40.361561
114.413575	40.362995
114.417732	40.364212
114.424277	40.365705
114.428719	40.367615
114.432532	40.370201
114.436393	40.371414
114.439987	40.371482
114.445473	40.368378
114.447967	40.365226
114.450775	40.361390
114.453323	40.356408
114.457626	40.352825
114.460388	40.350589
114.464347	40.348376
114.467652	40.347977
114.474883	40.346507
114.479966	40.347057
114.485604	40.348759
114.492982	40.352775
114.498985	40.352196
114.503502	40.351360
114.508920	40.350774
114.514358	40.349037
114.519516	40.346845
114.522271	40.344832
114.524391	40.343957
114.524445	40.342129
114.524345	40.335041
114.522996	40.329986
114.520218	40.322396
114.515618	40.315684
114.511292	40.310123
114.504646	40.301777
114.496720	40.296380
114.489700	40.290764
114.481841	40.283081
114.475127	40.277245
114.469878	40.272579
114.463469	40.266751
114.456680	40.263652
114.451089	40.260577
114.444580	40.258175
114.439835	40.256719
114.431808	40.254971
114.423774	40.253448
114.411949	40.248890
114.405144	40.246476
114.399811	40.244778
114.393860	40.243753
114.384896	40.243584
114.375007	40.244083
114.362052	40.247039
114.356017	40.248753
114.349159	40.248165
114.342026	40.246654
114.336373	40.245633
114.328645	40.244115
114.317962	40.241389
114.309974	40.238490
114.305879	40.235896
114.302070	40.233307
114.296769	40.230691
114.286659	40.228893
114.278565	40.229645
114.266265	40.230773
114.260209	40.232940
114.248779	40.234996
114.243157	40.233285
114.239150	40.227719
114.233696	40.220749
114.230439	40.210853
114.230355	40.204453
114.229874	40.200782
114.229400	40.197117
114.227089	40.194553
114.222350	40.193318
114.217918	40.191857
114.209220	40.192593
114.198388	40.194886
114.186769	40.193732
114.180558	40.191777
114.173438	40.190259
114.163993	40.186631
114.155166	40.182565
114.146904	40.179645
114.138360	40.176037
114.130050	40.174264
114.122048	40.172493
114.115113	40.174175
114.109634	40.177029
114.103858	40.179878
114.098083	40.182729
114.091423	40.185101
114.085099	40.186565
114.079704	40.186904
114.072014	40.184682
114.067611	40.182300
114.061751	40.178975
114.059167	40.176174
114.057473	40.173393
114.056983	40.170410
114.057838	40.163112
114.062278	40.155894
114.064851	40.150921
114.065238	40.148186
114.067909	40.140469
114.072030	40.133702
114.075622	40.125092
114.080704	40.116513
114.086029	40.109311
114.088326	40.103419
114.088469	40.099303
114.086617	40.092637
114.082977	40.085927
114.077858	40.078732
114.072716	40.072216
114.066909	40.067749
114.060379	40.066921
114.054490	40.064736
114.050096	40.062354
114.045387	40.060649
114.041266	40.058960
114.037155	40.057267
114.034789	40.056759
114.031831	40.056011
114.027908	40.057292
114.025458	40.059070
114.024184	40.061326
114.024047	40.064979
114.024207	40.068870
114.025750	40.075764
114.024460	40.078479
114.021308	40.082980
114.016952	40.087914
114.013787	40.092872
114.008574	40.096646
114.005792	40.099326
114.003556	40.101596
114.000000	40.107194
113.996315	40.123093
113.988112	40.126851
113.984748	40.124406
113.979171	40.118569
113.976578	40.112675
113.974579	40.106770
113.971627	40.099057
113.968247	40.087693
113.967019	40.077889
113.966834	40.072633
113.970009	40.060914
113.969031	40.049958
113.964004	40.042514
113.957230	40.036244
113.952332	40.032452
113.948364	40.029785
113.940490	40.026280
113.933288	40.024819
113.924951	40.024978
113.916023	40.025605
113.909692	40.023438
113.904128	40.017601
113.904197	40.010743
113.908181	40.004952
113.917375	40.002337
113.919488	40.004441
113.925552	40.008464
113.930024	40.008628
113.939202	40.006435
113.943238	39.999999
113.954322	39.995475
113.975479	39.992587
113.991242	39.994445
114.000000	39.995865
114.008025	39.995598
114.015052	39.993141
114.016472	39.992412
114.018837	39.988068
114.020889	39.982133
114.022247	39.976387
114.025413	39.968880
114.028535	39.963207
114.032585	39.955943
114.035988	39.950505
114.040902	39.944402
114.049241	39.932172
114.051682	39.928170
114.051217	39.919361
114.052605	39.917973
114.054923	39.917973
114.065582	39.921216
114.069749	39.920573
114.074868	39.917905
114.080880	39.915475
114.088677	39.912612
114.096146	39.911122
114.103601	39.910313
114.121863	39.905082
114.129653	39.902680
114.136833	39.900952
114.143394	39.899899
114.158013	39.897816
114.167565	39.896346
114.177422	39.894425
114.183402	39.892907
114.189246	39.891186
114.196594	39.887825
114.203591	39.880825
114.210335	39.871536
114.214317	39.866325
114.224183	39.863711
114.238717	39.865056
114.244622	39.866733
114.254655	39.870072
114.269134	39.873924
114.278679	39.872447
114.288352	39.864792
114.291420	39.860256
114.305473	39.856088
114.314361	39.857574
114.322366	39.858592
114.347541	39.862339
114.365266	39.867821
114.371467	39.869733
114.386375	39.867169
114.391540	39.861735
114.395232	39.855374
114.397415	39.849911
114.400802	39.843999
114.408456	39.832649
114.413650	39.824932
114.417367	39.817196
114.419876	39.810131
114.424485	39.802403
114.427527	39.798321
114.431801	39.792422
114.432243	39.784874
114.422463	39.783844
114.416877	39.781257
114.411042	39.775928
114.406997	39.770157
114.404130	39.765086
114.402908	39.751801
114.402183	39.743548
114.401176	39.734382
114.401260	39.729810
114.401390	39.723175
114.400620	39.717213
114.401336	39.710815
114.401185	39.703488
114.401010	39.697537
114.400581	39.689063
114.401397	39.677631
114.401543	39.670078
114.400460	39.665032
114.399697	39.658382
114.401627	39.650628
114.404709	39.645336
114.408371	39.639034
114.412307	39.634964
114.415070	39.629733
114.419350	39.622916
114.423012	39.617236
114.425759	39.613152
114.431443	39.610012
114.437982	39.609177
114.444176	39.610164
114.452773	39.609806
114.461623	39.611283
114.468415	39.612507
114.475540	39.611671
114.489540	39.607026
114.497994	39.598422
114.501633	39.593659
114.504692	39.587970
114.508346	39.582286
114.515336	39.572524
114.524338	39.565530
114.532990	39.561737
114.538651	39.559508
114.544381	39.553161
114.545372	39.547452
114.543481	39.537129
114.543007	39.530258
114.541915	39.525440
114.540566	39.517873
114.537742	39.510518
114.536377	39.504093
114.524238	39.488395
114.515206	39.480739
114.508751	39.478150
114.500571	39.473022
114.496216	39.468623
114.495751	39.461754
114.495881	39.454659
114.490577	39.437431
114.487717	39.432590
114.478714	39.424018
114.471474	39.416153
114.467720	39.411763
114.464545	39.407604
114.462920	39.399802
114.462441	39.393845
114.461967	39.387889
114.463852	39.381729
114.463989	39.374406
114.465279	39.368241
114.465400	39.361832
114.464035	39.356095
114.462052	39.351494
114.459182	39.347111
114.453377	39.342236
114.447885	39.335991
114.442978	39.330437
114.440117	39.325828
114.432571	39.319328
114.427329	39.315830
114.421212	39.311639
114.416282	39.307228
114.413727	39.302162
114.411767	39.297104
114.410737	39.289308
114.412323	39.283375
114.413627	39.276982
114.414917	39.271270
114.415063	39.263722
114.413415	39.257290
114.408585	39.248073
114.407838	39.240972
114.411758	39.236438
114.419564	39.228749
114.426354	39.228142
114.434014	39.228003
114.440507	39.227395
114.446130	39.225856
114.451194	39.222941
114.454506	39.219090
114.453193	39.210602
114.449783	39.204155
114.443748	39.196301
114.439454	39.189839
114.433998	39.182446
114.427628	39.176648
114.418885	39.172192
114.411560	39.170501
114.400330	39.172885
114.389122	39.174122
114.381728	39.175861
114.373352	39.167748
114.367370	39.157827
114.360801	39.147675
114.356254	39.139603
114.354057	39.131790
114.356904	39.122210
114.360603	39.113557
114.357863	39.103451
114.351853	39.095132
114.344665	39.087027
114.339370	39.084058
114.333916	39.095365
114.330582	39.100128
114.327241	39.105349
114.322168	39.108948
114.314751	39.112057
114.304032	39.118562
114.296051	39.120289
114.284523	39.123115
114.273957	39.121830
114.266769	39.113949
114.263405	39.106578
114.257698	39.098259
114.253693	39.093170
114.248809	39.087837
114.242462	39.082259
114.234658	39.075969
114.222503	39.067333
114.212083	39.060093
114.198998	39.053501
114.190568	39.049492
114.183272	39.047329
114.174438	39.048123
114.169358	39.051940
114.165748	39.055553
114.160980	39.058463
114.150651	39.060147
114.138396	39.056309
114.129380	39.052289
114.120033	39.049862
114.102074	39.051204
114.096253	39.061191
114.094596	39.069180
114.094758	39.074905
114.090165	39.082622
114.080673	39.086148
114.074754	39.087661
114.067367	39.089154
114.058374	39.096347
114.055625	39.100426
114.051910	39.108383
114.049072	39.116123
114.047675	39.125262
114.046372	39.130509
114.044204	39.134828
114.036813	39.136314
114.022780	39.132439
114.014352	39.128419
114.000000	39.121971
113.996474	39.107701
113.993981	39.099857
113.988648	39.094617
113.977943	39.094544
113.971299	39.095681
113.959587	39.098485
113.955391	39.100066
113.942712	39.093482
113.936538	39.086704
113.933625	39.081676
113.931373	39.077045
113.926696	39.070346
113.923950	39.062759
113.913758	39.062169
113.902809	39.064197
113.891684	39.066937
113.881661	39.063783
113.878486	39.057159
113.878060	39.050960
113.872070	39.043464
113.864098	39.040105
113.856041	39.034436
113.850288	39.030156
113.845046	39.025361
113.839852	39.020793
113.832566	39.016206
113.824005	39.011048
113.819794	39.007075
113.815217	39.002679
113.807160	38.995155
113.800202	38.988915
113.790313	38.988282
113.781082	38.988045
113.776702	38.988484
113.770088	38.986137
113.765687	38.977321
113.762307	38.969333
113.760887	38.958835
113.762321	38.949443
113.764297	38.939766
113.765008	38.933220
113.766984	38.923543
113.768502	38.918301
113.769210	38.911755
113.768891	38.902534
113.769616	38.890666
113.769561	38.884891
113.776276	38.877053
113.783799	38.870519
113.785821	38.864766
113.788863	38.859836
113.794746	38.854157
113.801431	38.849788
113.810486	38.845414
113.821578	38.842681
113.829154	38.841920
113.835036	38.838093
113.844117	38.832092
113.849128	38.828350
113.851227	38.817727
113.847230	38.809575
113.840737	38.806060
113.834129	38.801869
113.830102	38.795335
113.828682	38.786685
113.829414	38.778515
113.830925	38.773277
113.832764	38.768233
113.833359	38.762855
113.833122	38.757790
113.822747	38.755826
113.811844	38.757847
113.796364	38.762634
113.790199	38.757469
113.786217	38.751163
113.782119	38.744170
113.777472	38.735614
113.773812	38.727653
113.771904	38.721370
113.770972	38.715679
113.769028	38.709167
113.765313	38.704452
113.756431	38.700714
113.738732	38.700862
113.731659	38.706425
113.722397	38.711280
113.714042	38.712575
113.706910	38.708659
113.704392	38.704053
113.703362	38.697678
113.705627	38.687969
113.707109	38.682506
113.707236	38.674167
113.707145	38.668163
113.707207	38.663067
113.703193	38.654678
113.695526	38.651047
113.684518	38.648674
113.676055	38.647435
113.668099	38.647530
113.660546	38.646427
113.650916	38.647152
113.640571	38.648873
113.634322	38.650413
113.626122	38.652615
113.617074	38.651425
113.606391	38.645545
113.603080	38.637780
113.600716	38.628531
113.599296	38.621503
113.597762	38.615643
113.598961	38.606506
113.602364	38.600154
113.599930	38.592305
113.596329	38.586415
113.589393	38.579929
113.583114	38.575692
113.577531	38.572082
113.567186	38.568246
113.560654	38.566113
113.555503	38.557835
113.554634	38.550521
113.554489	38.544060
113.554557	38.533416
113.551330	38.524254
113.548973	38.520553
113.548905	38.514545
113.549737	38.508685
113.550676	38.503505
113.552818	38.498441
113.552993	38.492175
113.554840	38.485288
113.563140	38.478225
113.567596	38.474781
113.572961	38.469628
113.577011	38.465528
113.576614	38.459324
113.572188	38.453747
113.566682	38.448742
113.558427	38.443080
113.553032	38.438755
113.546044	38.433663
113.539847	38.428029
113.531417	38.417529
113.528739	38.411781
113.526421	38.404609
113.525375	38.398006
113.521286	38.390774
113.518790	38.382465
113.521186	38.375294
113.523903	38.370171
113.527734	38.364703
113.534897	38.357987
113.545684	38.351838
113.550744	38.343013
113.549805	38.335243
113.549623	38.328556
113.548355	38.318733
113.546477	38.312447
113.544419	38.306870
113.541817	38.299725
113.539505	38.292553
113.537514	38.280029
113.538277	38.270012
113.542977	38.266308
113.550851	38.258594
113.559769	38.251929
113.562119	38.242681
113.563851	38.236958
113.568763	38.232773
113.576309	38.228555
113.582191	38.226813
113.592445	38.226722
113.600028	38.228283
113.609748	38.230323
113.619713	38.232110
113.630295	38.232215
113.636613	38.231353
113.643327	38.229298
113.650581	38.225106
113.654686	38.219609
113.658294	38.214622
113.661963	38.210091
113.666725	38.206841
113.672577	38.204867
113.680114	38.204346
113.688064	38.206326
113.695389	38.206287
113.702910	38.211087
113.709183	38.206292
113.715370	38.199197
113.729661	38.196834
113.730727	38.190712
113.724831	38.183213
113.721419	38.178464
113.724731	38.173504
113.734071	38.171414
113.746704	38.171528
113.757881	38.169942
113.766425	38.168385
113.775986	38.165803
113.784203	38.164048
113.790368	38.162270
113.797944	38.161965
113.807404	38.164249
113.814399	38.164003
113.816995	38.163738
113.827545	38.158275
113.831344	38.150952
113.831062	38.143807
113.824974	38.137020
113.820236	38.133107
113.816040	38.128902
113.810898	38.122481
113.808822	38.116909
113.809608	38.114518
113.812507	38.108902
113.819664	38.104244
113.824776	38.101413
113.830567	38.099204
113.836791	38.096032
113.843895	38.087440
113.846687	38.082993
113.848832	38.078152
113.850715	38.071714
113.855742	38.068420
113.867081	38.066111
113.873093	38.063420
113.877114	38.053986
113.875931	38.046700
113.873558	38.039306
113.870721	38.032658
113.869239	38.023551
113.868813	38.017349
113.868722	38.011344
113.870666	38.003510
113.874192	37.994588
113.880143	37.989815
113.887511	37.988370
113.895051	37.984363
113.898490	37.980309
113.902314	37.975060
113.905845	37.967988
113.909416	37.962994
113.912773	37.958484
113.916625	37.951614
113.918685	37.946309
113.919595	37.941128
113.923004	37.931522
113.930329	37.922672
113.938553	37.921136
113.945221	37.917213
113.950616	37.910870
113.952995	37.905765
113.954506	37.898898
113.956451	37.892918
113.960808	37.882053
113.963265	37.877404
113.965264	37.868175
113.965232	37.862626
113.965196	37.857074
113.964774	37.845550
113.964020	37.839146
113.963951	37.833371
113.965278	37.827217
113.967545	37.821430
113.970786	37.816234
113.976256	37.812200
113.983399	37.811229
113.991082	37.811824
114.000000	37.812779
114.008880	37.809884
114.012779	37.804218
114.013481	37.799190
114.012444	37.794133
114.018646	37.788506
114.024207	37.785614
114.030349	37.782272
114.037421	37.776657
114.039277	37.771415
114.039680	37.766612
114.038087	37.761092
114.034737	37.756001
114.023674	37.748040
114.017089	37.745647
114.009636	37.743698
114.000000	37.737401
113.994492	37.734643
113.990159	37.729538
113.988297	37.723480
113.987381	37.714322
113.987511	37.706206
113.990615	37.703804
114.000000	37.703362
114.008682	37.711617
114.016433	37.713340
114.030197	37.716763
114.040810	37.719443
114.048295	37.720478
114.055183	37.721729
114.061562	37.720681
114.072655	37.715122
114.077630	37.712223
114.081771	37.707932
114.093673	37.704903
114.102096	37.702282
114.108184	37.701229
114.114547	37.700408
114.121834	37.697309
114.129936	37.689995
114.132293	37.681197
114.133300	37.675030
114.132026	37.667682
114.128425	37.660988
114.126014	37.652936
114.124694	37.647416
114.121070	37.642322
114.114898	37.634904
114.111534	37.630500
114.109084	37.624511
114.108918	37.619011
114.114076	37.607864
114.116836	37.600575
114.114937	37.595509
114.111901	37.589738
114.106874	37.582787
114.099870	37.574210
114.091439	37.565148
114.084144	37.556793
114.079430	37.549160
114.074966	37.543141
114.069938	37.536648
114.065186	37.530391
114.060997	37.525058
114.057084	37.520188
114.053177	37.515087
114.048965	37.510444
114.043044	37.505314
114.036843	37.500175
114.030388	37.493435
114.026848	37.484904
114.024414	37.478680
114.021942	37.473830
114.022140	37.465587
114.021691	37.460315
114.020187	37.451125
114.020011	37.446544
114.019004	37.440575
114.016358	37.434750
114.012932	37.430169
114.008194	37.423913
114.000000	37.421036
113.991531	37.420681
113.982574	37.415591
113.977952	37.412141
113.972564	37.407605
113.967682	37.402557
113.963226	37.391216
113.960899	37.384053
113.958260	37.378544
113.956977	37.372425
113.955651	37.364231
113.955644	37.362380
113.956489	37.355121
113.953675	37.348473
113.945641	37.341896
113.939644	37.340665
113.936889	37.339794
113.926628	37.335532
113.920693	37.332904
113.915048	37.330249
113.910385	37.326564
113.903839	37.321919
113.898102	37.315104
113.896042	37.309532
113.896897	37.302273
113.897011	37.295780
113.895402	37.287616
113.892867	37.279087
113.888658	37.270957
113.884719	37.266274
113.880729	37.259514
113.879707	37.253139
113.879853	37.246876
113.880280	37.238735
113.872948	37.232777
113.864471	37.225090
113.858192	37.222034
113.852021	37.219661
113.846870	37.214642
113.840958	37.204833
113.836228	37.198841
113.830314	37.189036
113.830184	37.182805
113.829833	37.175204
113.825646	37.167077
113.813508	37.167163
113.805877	37.164706
113.797027	37.158211
113.786484	37.155590
113.779152	37.154954
113.772492	37.153087
113.766724	37.151364
113.760933	37.144092
113.763184	37.134606
113.766754	37.115270
113.767091	37.106445
113.764039	37.098199
113.759011	37.093853
113.755615	37.087029
113.752502	37.080173
113.751709	37.075168
113.756096	37.068242
113.762337	37.062054
113.770400	37.060069
113.781837	37.059360
113.783959	37.054515
113.783982	37.049195
113.783783	37.042504
113.780387	37.037528
113.775932	37.033130
113.769226	37.025485
113.765473	37.016387
113.768547	37.012139
113.772340	37.006892
113.777901	37.003777
113.785064	36.999806
113.788567	36.994587
113.785379	36.987283
113.776162	36.980128
113.773019	36.974895
113.771079	36.968156
113.764153	36.964471
113.757179	36.960555
113.755248	36.955666
113.759665	36.947117
113.762444	36.939197
113.765151	36.930822
113.768540	36.924923
113.771966	36.919250
113.774612	36.914120
113.779480	36.906681
113.783858	36.899757
113.786468	36.894399
113.787635	36.881784
113.784775	36.874675
113.780540	36.869793
113.773003	36.864086
113.766396	36.858748
113.761208	36.855118
113.759002	36.852105
113.743691	36.851822
113.734481	36.853691
113.729248	36.860702
113.727493	36.867822
113.728471	36.873971
113.726570	36.880181
113.723960	36.885533
113.712686	36.888999
113.705520	36.887418
113.696189	36.884899
113.690544	36.882005
113.685571	36.876033
113.683608	36.869062
113.679734	36.864601
113.676217	36.860560
113.669938	36.855419
113.668327	36.845174
113.670120	36.838284
113.674218	36.831390
113.677749	36.824555
113.675301	36.819946
113.671142	36.815511
113.667556	36.807320
113.672782	36.798458
113.674606	36.789944
113.667381	36.787906
113.657784	36.787266
113.649460	36.785565
113.643509	36.782470
113.635033	36.778012
113.627487	36.772068
113.621955	36.768005
113.613418	36.763093
113.604705	36.757035
113.593696	36.752830
113.584069	36.753803
113.576072	36.757851
113.569237	36.758309
113.562867	36.758027
113.556604	36.756579
113.549096	36.754562
113.542970	36.752171
113.537133	36.744201
113.536529	36.738481
113.529808	36.732220
113.521133	36.733788
113.512498	36.735579
113.505494	36.736749
113.492820	36.740329
113.483765	36.737542
113.475913	36.731393
113.471070	36.726094
113.465203	36.716045
113.458701	36.707448
113.460274	36.698967
113.470885	36.696975
113.477502	36.698856
113.484184	36.701194
113.491607	36.704613
113.500525	36.704640
113.501305	36.696697
113.497847	36.687337
113.495475	36.681327
113.491347	36.676887
113.479751	36.666950
113.474525	36.660999
113.470436	36.654937
113.468886	36.646766
113.472497	36.640391
113.480278	36.634987
113.486892	36.635017
113.494591	36.632859
113.502937	36.631092
113.510360	36.630810
113.518310	36.630238
113.529053	36.629157
113.537926	36.623405
113.538917	36.616830
113.536727	36.608265
113.535424	36.599839
113.533370	36.594031
113.537368	36.590161
113.546623	36.588764
113.557007	36.589104
113.563400	36.585911
113.567917	36.579908
113.570953	36.575436
113.576247	36.568886
113.581893	36.562764
113.583976	36.553996
113.581672	36.548446
113.576309	36.545287
113.568473	36.544697
113.553750	36.536704
113.548950	36.529789
113.547998	36.518093
113.546373	36.511319
113.545882	36.502583
113.548599	36.496063
113.554732	36.493129
113.562851	36.491849
113.569442	36.490021
113.575653	36.483844
113.577339	36.476273
113.578187	36.466933
113.581002	36.461098
113.588197	36.457595
113.594749	36.457390
113.601418	36.457871
113.611184	36.458031
113.622992	36.454751
113.629333	36.451328
113.637328	36.445655
113.643249	36.441350
113.648986	36.435905
113.653526	36.431976
113.663917	36.425129
113.675294	36.422809
113.682204	36.423030
113.689149	36.423472
113.702010	36.423310
113.707489	36.414422
113.709761	36.407017
113.712563	36.397476
113.719482	36.388672
113.723236	36.381577
113.725257	36.372581
113.725524	36.365151
113.724343	36.360001
113.723534	36.355946
113.723418	36.355424
113.723443	36.348252
113.722367	36.341423
113.728614	36.331990
113.730041	36.324672
113.725800	36.317707
113.720154	36.310888
113.718484	36.305741
113.711539	36.301598
113.702104	36.296094
113.702058	36.290314
113.702110	36.283372
113.702270	36.275260
113.699264	36.265163
113.693267	36.257916
113.687950	36.253139
113.692153	36.245308
113.690346	36.235551
113.687592	36.230744
113.681710	36.224178
113.677940	36.220173
113.683280	36.215923
113.689247	36.213924
113.695884	36.208846
113.688347	36.202683
113.681847	36.201268
113.674469	36.201564
113.665681	36.200153
113.672942	36.195477
113.678528	36.192821
113.684990	36.190308
113.692322	36.187935
113.690765	36.181617
113.680260	36.178306
113.672532	36.178173
113.663819	36.177216
113.655915	36.177800
113.653793	36.171539
113.650910	36.165821
113.656876	36.161976
113.668746	36.161217
113.675294	36.151988
113.684531	36.152661
113.691697	36.152848
113.697381	36.149026
113.697258	36.142792
113.699530	36.137238
113.697730	36.131180
113.686767	36.126758
113.678902	36.125717
113.667534	36.129662
113.662902	36.132912
113.657043	36.135592
113.647163	36.123424
113.658814	36.119458
113.665298	36.113471
113.654800	36.112003
113.649948	36.106488
113.657806	36.103833
113.662857	36.099614
113.666214	36.093720
113.666244	36.088398
113.665740	36.083364
113.668746	36.077037
113.672951	36.072907
113.678405	36.064023
113.677696	36.057621
113.668954	36.052739
113.662431	36.049247
113.655197	36.043053
113.654198	36.034827
113.663939	36.029663
113.673400	36.028234
113.682763	36.027962
113.688866	36.026871
113.692750	36.022540
113.688951	36.018303
113.674469	36.014939
113.679406	36.010037
113.685074	36.006215
113.689644	36.000000
113.689010	35.995667
113.687287	35.992474
113.680183	35.986569
113.672545	35.985924
113.662139	35.990101
113.653968	35.991749
113.642693	35.994332
113.637039	35.992991
113.631637	35.988675
113.631309	35.983184
113.630675	35.976094
113.632073	35.973110
113.633743	35.969899
113.641618	35.967337
113.640717	35.960480
113.643493	35.954285
113.645118	35.946953
113.646187	35.940997
113.647812	35.931610
113.648248	35.917420
113.642541	35.908757
113.639632	35.898018
113.636437	35.887055
113.634117	35.879746
113.631218	35.870151
113.633668	35.860298
113.636460	35.856622
113.637864	35.855010
113.643730	35.849716
113.650673	35.836864
113.648934	35.830922
113.644097	35.826829
113.635047	35.822760
113.628303	35.824855
113.623284	35.831063
113.617652	35.831784
113.612000	35.829751
113.603232	35.825680
113.588867	35.825527
113.581268	35.827168
113.579010	35.826263
113.571931	35.821723
113.569077	35.817844
113.569893	35.813263
113.571830	35.809140
113.577164	35.804764
113.579933	35.799256
113.584373	35.791226
113.587144	35.785487
113.592979	35.775391
113.592650	35.769900
113.589751	35.759389
113.585776	35.754833
113.580642	35.744331
113.581704	35.737003
113.585006	35.728290
113.590287	35.718652
113.594451	35.711764
113.595818	35.706723
113.596641	35.704200
113.599693	35.697777
113.599907	35.691368
113.599007	35.684052
113.599823	35.679695
113.605949	35.672340
113.612059	35.662011
113.616996	35.648026
113.618927	35.643436
113.618598	35.636571
113.612953	35.632485
113.605614	35.630005
113.596062	35.630055
113.586533	35.633996
113.580092	35.636318
113.574768	35.639773
113.565804	35.643253
113.556556	35.648106
113.547562	35.649068
113.544456	35.647709
113.540467	35.640174
113.541527	35.631931
113.543457	35.625741
113.540315	35.617290
113.536034	35.608841
113.529502	35.599262
113.523239	35.588073
113.516732	35.581466
113.507133	35.573959
113.500343	35.566207
113.497756	35.558666
113.497993	35.552029
113.500222	35.548817
113.497077	35.540818
113.493668	35.534653
113.490547	35.530548
113.483514	35.526001
113.480401	35.524415
113.473374	35.521240
113.462386	35.516477
113.452821	35.513085
113.441277	35.509015
113.430617	35.509053
113.422759	35.509083
113.413513	35.510724
113.410142	35.511421
113.400597	35.512142
113.393577	35.511253
113.390213	35.510120
113.385978	35.507390
113.380059	35.501690
113.374129	35.495075
113.369049	35.489596
113.362556	35.482754
113.354111	35.477517
113.343988	35.474117
113.335297	35.474602
113.318192	35.476487
113.306977	35.477665
113.298842	35.478604
113.294350	35.477013
113.291809	35.473816
113.291779	35.466263
113.293717	35.461451
113.293983	35.458019
113.297334	35.454117
113.295638	35.450687
113.291123	35.444752
113.289147	35.441322
113.290528	35.436741
113.293603	35.434216
113.296668	35.429170
113.296654	35.426879
113.293281	35.425288
113.288520	35.425758
113.280694	35.429443
113.271171	35.434505
113.254356	35.440041
113.236153	35.445352
113.227738	35.444912
113.224647	35.444919
113.217919	35.444934
113.210617	35.444264
113.202765	35.441994
113.197419	35.436736
113.190773	35.430783
113.184188	35.425254
113.181832	35.423160
113.176086	35.411958
113.160499	35.413681
113.161912	35.392606
113.139052	35.369632
113.137498	35.358403
113.137322	35.357593
113.133790	35.350476
113.126266	35.347369
113.124297	35.344623
113.122048	35.341881
113.120088	35.339367
113.114722	35.337104
113.113061	35.335732
113.111108	35.334118
113.107468	35.333207
113.092056	35.334827
113.078628	35.342854
113.069108	35.348816
113.058747	35.351800
113.049507	35.354100
113.036072	35.359604
113.024017	35.363503
113.015060	35.362136
113.007767	35.360768
113.000604	35.357821
112.986649	35.352044
112.983964	35.345092
112.983590	35.334045
112.983519	35.332974
112.982268	35.313743
112.993217	35.304501
112.985603	35.294623
112.982521	35.292109
112.974961	35.290509
112.967958	35.290970
112.954239	35.291886
112.944733	35.291888
112.935760	35.288909
112.931557	35.281128
112.930732	35.269908
112.929604	35.263732
112.927093	35.258927
112.925133	35.253430
112.921785	35.249995
112.915047	35.248393
112.904983	35.248391
112.891830	35.247924
112.875602	35.247921
112.863571	35.249059
112.853492	35.251338
112.840896	35.254766
112.824096	35.257724
112.809829	35.257254
112.804521	35.253357
112.794456	35.248081
112.785508	35.242577
112.776291	35.234782
112.772109	35.225620
112.772424	35.215549
112.769073	35.208905
112.761254	35.205463
112.750343	35.203613
112.741942	35.207036
112.738296	35.209315
112.732423	35.211597
112.722351	35.214329
112.708642	35.214074
112.690179	35.216556
112.680939	35.218826
112.671410	35.223842
112.664390	35.230693
112.663262	35.235500
112.658202	35.244186
112.656213	35.250590
112.650864	35.263171
112.646918	35.267511
112.641838	35.266316
112.634910	35.261528
112.627801	35.259201
112.623206	35.246392
112.622673	35.242271
112.621276	35.238376
112.622422	35.233112
112.622436	35.229679
112.619377	35.224177
112.613228	35.221873
112.604843	35.220706
112.597846	35.220916
112.587784	35.221572
112.576598	35.219254
112.572411	35.216953
112.560387	35.216686
112.553390	35.217582
112.543580	35.221673
112.533233	35.220722
112.519531	35.219302
112.502458	35.219934
112.498253	35.224036
112.492363	35.227908
112.482568	35.227642
112.476419	35.226247
112.465789	35.225064
112.455719	35.225483
112.447036	35.226363
112.433594	35.229743
112.413102	35.240419
112.409446	35.243149
112.404113	35.245647
112.392631	35.247657
112.385369	35.246251
112.377579	35.239350
112.368691	35.229237
112.361732	35.224166
112.352525	35.220462
112.340790	35.218345
112.327926	35.216912
112.297149	35.219045
112.285958	35.218072
112.279504	35.222160
112.281967	35.228123
112.284447	35.233859
112.287193	35.240968
112.289108	35.246472
112.287392	35.251269
112.280930	35.254444
112.276169	35.254417
112.269204	35.250718
112.263358	35.246568
112.247468	35.239837
112.226808	35.234459
112.221787	35.233059
112.210877	35.231621
112.201621	35.234771
112.199059	35.239792
112.200974	35.246212
112.203697	35.252637
112.202827	35.256753
112.197509	35.256951
112.186608	35.256199
112.160524	35.261765
112.140052	35.267123
112.134986	35.269382
112.129372	35.271180
112.123200	35.272281
112.117890	35.271333
112.111183	35.270145
112.101952	35.269623
112.098030	35.270054
112.087090	35.272500
112.076423	35.275401
112.068260	35.279693
112.061233	35.282619
112.056198	35.281899
112.054528	35.280513
112.052308	35.278667
112.051262	35.272709
112.052452	35.265389
112.056472	35.256721
112.060440	35.251256
112.066407	35.242828
112.070411	35.234153
112.071861	35.229130
112.070541	35.221793
112.065614	35.211918
112.059510	35.206608
112.053673	35.202674
112.045623	35.197354
112.042321	35.192292
112.039299	35.186774
112.041329	35.180382
112.048370	35.175397
112.057083	35.170880
112.060752	35.168617
112.061080	35.163124
112.058938	35.153720
112.059647	35.139535
112.055923	35.121881
112.052094	35.113842
112.050248	35.103522
112.048942	35.094590
112.048470	35.086570
112.051902	35.079270
112.053384	35.071038
112.055396	35.064645
112.054077	35.057536
112.050797	35.050644
112.046097	35.047405
112.026962	35.033199
112.024306	35.046749
112.023406	35.048255
112.022506	35.049767
112.021599	35.050521
112.020692	35.052032
112.019782	35.052789
112.018882	35.054297
112.017968	35.055054
112.017068	35.056561
112.016152	35.057315
112.014344	35.059583
112.013428	35.060342
112.009804	35.064868
112.008888	35.065625
112.007981	35.066379
112.007058	35.066388
112.006158	35.067143
111.974159	35.070297
111.970993	35.070545
111.968964	35.071690
111.966309	35.073189
111.965026	35.073344
111.962289	35.074860
111.961380	35.075614
111.960472	35.076371
111.959556	35.077130
111.958649	35.077884
111.957740	35.078641
111.953179	35.080918
111.952263	35.080920
111.949517	35.081684
111.922074	35.081798
111.921157	35.081798
111.920227	35.081050
111.918404	35.080307
111.917488	35.079559
111.915649	35.078812
111.914726	35.078064
111.886581	35.076435
111.878120	35.075947
111.835113	35.073087
111.825042	35.073121
111.823211	35.072373
111.822304	35.072376
111.820472	35.071628
111.818626	35.070885
111.816803	35.070137
111.814049	35.069392
111.809464	35.065648
111.804839	35.055134
111.803916	35.054382
111.803909	35.052128
111.802993	35.051380
111.802993	35.049874
111.802063	35.048374
111.802063	35.046115
111.801131	35.044613
111.801118	35.042359
111.800208	35.041607
111.797432	35.033345
111.797416	35.031087
111.793763	35.031098
111.792847	35.031100
111.777298	35.030396
111.776382	35.029644
111.761711	35.018401
111.760804	35.017654
111.758049	35.016906
111.738838	35.013950
111.737008	35.013202
111.730590	35.008706
111.729683	35.007958
111.727836	35.007206
111.726013	35.006463
111.713204	35.004234
111.710456	35.003486
111.709549	35.003491
111.708632	35.002739
111.707719	35.002743
111.706786	35.001991
111.693978	34.996754
111.693071	34.996006
111.691238	34.995259
111.690322	34.994507
111.689408	34.994511
111.688492	34.993759
111.686662	34.993011
111.685752	34.992259
111.684829	34.992264
111.674767	34.992282
111.673928	34.992405
111.667458	34.990792
111.667458	34.988538
111.666541	34.987785
111.665627	34.987038
111.664711	34.986286
111.664704	34.985534
111.664688	34.980271
111.664688	34.978765
111.665605	34.978013
111.665605	34.976508
111.666512	34.975754
111.666496	34.974999
111.667419	34.974247
111.667412	34.972743
111.668328	34.971989
111.669242	34.968976
111.670142	34.968224
111.670142	34.966722
111.671052	34.965213
111.671043	34.963711
111.671020	34.954686
111.671013	34.952427
111.670097	34.951675
111.669183	34.949421
111.669167	34.947167
111.667351	34.947171
111.666443	34.947171
111.665520	34.946424
111.664597	34.945672
111.660942	34.944172
111.660028	34.943424
111.659118	34.943424
111.645409	34.940441
111.643577	34.939693
111.642663	34.939693
111.641747	34.938941
111.640840	34.938946
111.639923	34.938194
111.627327	34.928330
111.619790	34.922431
111.617957	34.919425
111.616111	34.908146
111.616111	34.907346
111.616097	34.906644
111.615197	34.906644
111.606956	34.894623
111.606042	34.893871
111.605132	34.893871
111.603302	34.893124
111.601470	34.892372
111.596900	34.890872
111.592340	34.889377
111.591423	34.888627
111.585008	34.878856
111.584107	34.878104
111.584098	34.875096
111.583184	34.874344
111.582261	34.869079
111.581336	34.868331
111.579513	34.861565
111.578599	34.860813
111.567627	34.849540
111.566674	34.848797
111.565804	34.848792
111.554864	34.849556
111.553948	34.850310
111.553031	34.850310
111.552117	34.851067
111.543908	34.855586
111.542999	34.856339
111.542091	34.856339
111.541184	34.857093
111.540268	34.857093
111.534789	34.857098
111.532966	34.856345
111.532052	34.856345
111.531143	34.855598
111.530229	34.855598
111.529312	34.854848
111.503754	34.839824
111.502838	34.839824
111.493712	34.833057
111.492798	34.832305
111.485496	34.831558
111.459053	34.830819
111.458130	34.830815
111.457207	34.831567
111.456307	34.831569
111.455391	34.832321
111.449921	34.835332
111.449014	34.836082
111.448098	34.836082
111.447181	34.836838
111.446274	34.836838
111.436232	34.836838
111.435319	34.836838
111.434409	34.836086
111.433486	34.836086
111.428932	34.833828
111.428016	34.833828
111.427109	34.833075
111.422546	34.831573
111.416169	34.828563
111.414337	34.827813
111.413430	34.827813
111.412514	34.827056
111.411613	34.827061
111.410690	34.826306
111.409783	34.826306
111.408867	34.825554
111.407960	34.825554
111.407044	34.824802
111.405220	34.824048
111.404313	34.823300
111.403397	34.823296
111.402481	34.822544
111.401574	34.822544
111.400657	34.821794
111.399750	34.821042
111.398827	34.821037
111.397011	34.820285
111.395188	34.819535
111.390632	34.817276
111.380371	34.814469
111.370370	34.814972
111.369034	34.815166
111.360962	34.816376
111.350646	34.822842
111.336242	34.828727
111.332894	34.829800
111.329248	34.829162
111.323479	34.825837
111.318604	34.822311
111.313089	34.818822
111.307717	34.816005
111.301201	34.813705
111.292955	34.812634
111.287644	34.812916
111.281174	34.812356
111.277602	34.811481
111.272889	34.809917
111.268021	34.808739
111.262587	34.809712
111.259935	34.812126
111.256318	34.814136
111.251007	34.814418
111.246772	34.812905
111.242759	34.809785
111.236863	34.804871
111.233207	34.801582
111.230857	34.798599
111.228049	34.795568
111.224799	34.792992
111.220977	34.791928
111.215523	34.793731
111.210427	34.795593
111.206092	34.797715
111.202979	34.800229
111.197808	34.803456
111.194795	34.804753
111.190827	34.805869
111.187057	34.806827
111.183166	34.807636
111.178834	34.808474
111.174462	34.809083
111.168899	34.809527
111.161294	34.809701
111.157608	34.809589
111.153428	34.809124
111.150176	34.808304
111.147019	34.806888
111.144027	34.805149
111.142060	34.803565
111.139610	34.801293
111.137169	34.798241
111.133691	34.793576
111.130965	34.788910
111.127503	34.783520
111.123711	34.779630
111.120561	34.776835
111.117188	34.774743
111.113571	34.773036
111.110047	34.771404
111.107643	34.769937
111.105019	34.768029
111.102449	34.765663
111.099748	34.761565
111.096573	34.756501
111.093567	34.753707
111.083092	34.749203
111.073998	34.747601
111.062851	34.748178
111.052779	34.749755
111.043458	34.749103
111.034576	34.745773
111.025970	34.741067
111.020204	34.738400
111.013688	34.735107
111.008277	34.731444
111.001588	34.728000
110.995712	34.725425
110.983979	34.720573
110.976029	34.714920
110.969238	34.709966
110.964951	34.706547
110.960228	34.704667
110.955704	34.705505
110.952454	34.708550
110.950540	34.715007
110.949013	34.724021
110.947326	34.725808
110.945350	34.727608
110.942779	34.730311
110.939246	34.733299
110.931541	34.734943
110.923308	34.733655
110.916656	34.728080
110.913392	34.718704
110.913886	34.705804
110.913873	34.695042
110.914176	34.689736
110.909629	34.680266
110.903649	34.668759
110.895637	34.662040
110.885858	34.661172
110.870749	34.660114
110.857674	34.659253
110.846367	34.660121
110.833289	34.661682
110.819678	34.663569
110.809915	34.662845
110.798982	34.658692
110.787941	34.658179
110.771591	34.657623
110.764220	34.657074
110.760323	34.656360
110.752084	34.656461
110.744811	34.652276
110.739900	34.647670
110.734787	34.640349
110.726897	34.629829
110.719032	34.622337
110.705017	34.613483
110.694946	34.605798
110.688592	34.598687
110.682404	34.594140
110.674048	34.592574
110.658685	34.592716
110.647164	34.592968
110.632714	34.593208
110.616913	34.592456
110.605307	34.591498
110.586646	34.589210
110.567077	34.589386
110.542634	34.590698
110.530791	34.594288
110.515961	34.602256
110.498252	34.608334
110.477113	34.612560
110.464920	34.611012
110.451799	34.606625
110.435790	34.602826
110.426774	34.599459
110.416367	34.597367
110.402129	34.599537
110.391274	34.600232
110.380234	34.604487
110.373421	34.606616
110.368653	34.609260
110.361169	34.612323
110.351441	34.614739
110.340233	34.614041
110.333190	34.613000
110.324074	34.610686
110.311547	34.609741
110.300628	34.612309
110.295516	34.615865
110.292503	34.617378
110.288811	34.620311
110.286019	34.625129
110.284104	34.629460
110.282623	34.634674
110.279662	34.642681
110.277153	34.648999
110.273101	34.657056
110.267182	34.668387
110.264182	34.675197
110.259278	34.680991
110.250640	34.689091
110.245788	34.691516
110.242959	34.693939
110.242959	34.696366
110.246398	34.703438
110.252664	34.714150
110.257507	34.725867
110.260903	34.739059
110.262459	34.748679
110.268479	34.756588
110.276626	34.763336
110.278505	34.772181
110.280212	34.783634
110.280120	34.795310
110.278541	34.801236
110.276093	34.810754
110.274963	34.821399
110.277442	34.830979
110.278550	34.836681
110.276809	34.849328
110.278680	34.860901
110.280991	34.868069
110.282808	34.878886
110.280998	34.887599
110.280212	34.895207
110.280533	34.900036
110.282051	34.909053
110.282356	34.916458
110.278343	34.922395
110.273873	34.929859
110.272232	34.938415
110.272034	34.946449
110.270607	34.955750
110.270562	34.968773
110.276002	34.975948
110.283683	34.983628
110.287842	34.993588
110.289321	34.997485
110.294823	34.999892
110.298668	35.002032
110.307160	35.007024
110.314278	35.011295
110.319930	35.019395
110.324951	35.028404
110.327843	35.035843
110.329689	35.045281
110.331542	35.057682
110.337272	35.070625
110.337372	35.076581
110.341422	35.081013
110.348488	35.087345
110.352768	35.091652
110.356902	35.098278
110.360123	35.105095
110.360925	35.114296
110.359544	35.123750
110.358390	35.134099
110.360366	35.147181
110.363792	35.156868
110.368897	35.164206
110.372482	35.170859
110.373627	35.178308
110.374497	35.186565
110.374969	35.198255
110.377572	35.213876
110.380607	35.224243
110.387718	35.237706
110.395050	35.247819
110.396263	35.262904
110.402047	35.277482
110.412490	35.289723
110.425614	35.300248
110.436310	35.316719
110.442842	35.323033
110.446151	35.324699
110.450288	35.327071
110.455192	35.331516
110.457863	35.336147
110.458900	35.338916
110.460906	35.346740
110.463600	35.353398
110.466346	35.358418
110.472833	35.366601
110.481797	35.375877
110.496162	35.386577
110.506074	35.392957
110.512604	35.399491
110.516084	35.405282
110.519341	35.418622
110.520111	35.420926
110.521087	35.425983
110.523270	35.437698
110.525757	35.448734
110.527976	35.459079
110.530723	35.470069
110.531821	35.481357
110.533027	35.487228
110.536117	35.499652
110.540008	35.512951
110.545936	35.526951
110.546943	35.531776
110.547707	35.534081
110.553849	35.545185
110.560333	35.554406
110.568231	35.563878
110.581910	35.581710
110.592827	35.594676
110.601043	35.605800
110.606506	35.617508
110.608384	35.630746
110.607566	35.640327
110.604897	35.647117
110.599616	35.656304
110.593964	35.665817
110.593032	35.667317
110.593018	35.668069
110.592086	35.668812
110.592073	35.670316
110.591140	35.671063
110.591134	35.671813
110.590201	35.673313
110.590188	35.674061
110.589256	35.675560
110.589249	35.676312
110.588319	35.677060
110.588310	35.677810
110.587380	35.678555
110.583619	35.686051
110.581734	35.689796
110.580802	35.691291
110.578872	35.698798
110.577523	35.740142
110.575654	35.743134
110.575638	35.743889
110.574662	35.749142
110.574288	35.750325
110.573707	35.752144
110.573691	35.753648
110.572745	35.755897
110.572739	35.756645
110.571793	35.758897
110.571777	35.759647
110.570838	35.761898
110.569892	35.764146
110.568939	35.767147
110.567681	35.799470
110.567658	35.800967
110.566719	35.802467
110.566703	35.803971
110.565774	35.804714
110.564819	35.807716
110.563889	35.808461
110.561074	35.812951
110.561074	35.813705
110.559189	35.816700
110.550743	35.830174
110.549797	35.830917
110.549790	35.832424
110.549302	35.839168
110.548867	35.842343
110.548714	35.847450
110.549569	35.852717
110.549553	35.854222
110.550453	35.857235
110.550424	35.859489
110.550330	35.867760
110.545640	35.874488
110.544708	35.875238
110.543794	35.875228
110.529930	35.875133
110.522506	35.877334
110.515990	35.882549
110.513183	35.886291
110.513169	35.887039
110.512237	35.887782
110.512207	35.890041
110.511437	35.898239
110.511161	35.901306
110.512971	35.905083
110.512932	35.908089
110.512832	35.917108
110.502441	35.936576
110.502402	35.941086
110.502357	35.944095
110.503273	35.944851
110.513253	35.962212
110.513208	35.965970
110.505737	35.972682
110.504241	35.974170
110.501992	35.976413
110.495398	35.986888
110.494469	35.987633
110.494453	35.989135
110.493370	36.000000
110.495132	36.013034
110.491264	36.024200
110.489441	36.031734
110.488746	36.038818
110.486633	36.046578
110.483941	36.055011
110.481530	36.063451
110.475310	36.063610
110.465569	36.071273
110.464325	36.077668
110.464477	36.084533
110.465806	36.089356
110.465056	36.099644
110.463219	36.107406
110.457116	36.116719
110.453606	36.123084
110.451188	36.131747
110.451042	36.139300
110.448952	36.145454
110.448289	36.150712
110.447051	36.156647
110.444642	36.164859
110.448722	36.173604
110.450272	36.181401
110.452393	36.189437
110.453720	36.194032
110.454650	36.205256
110.452264	36.211864
110.449203	36.224415
110.452475	36.231090
110.461968	36.238530
110.470902	36.245499
110.473334	36.252163
110.473526	36.256972
110.473671	36.264756
110.473510	36.273681
110.473945	36.280778
110.471313	36.285553
110.468407	36.289619
110.466583	36.292178
110.464858	36.297612
110.467607	36.302678
110.470048	36.308654
110.468826	36.313447
110.465637	36.317303
110.460731	36.322053
110.458299	36.331176
110.459596	36.337829
110.463691	36.346116
110.464981	36.353455
110.465546	36.355069
110.464874	36.359176
110.463630	36.365113
110.464936	36.371535
110.467964	36.376376
110.472397	36.382382
110.478562	36.386799
110.481537	36.394618
110.484238	36.402203
110.484397	36.409068
110.484878	36.414112
110.485017	36.422351
110.482925	36.427823
110.479392	36.435105
110.474175	36.440994
110.469232	36.447574
110.469407	36.453297
110.473877	36.457470
110.483146	36.463070
110.488449	36.468166
110.492028	36.474616
110.493347	36.480355
110.494927	36.487468
110.495948	36.493888
110.494674	36.501656
110.494254	36.508976
110.497550	36.515652
110.499116	36.523677
110.499207	36.534211
110.497140	36.538532
110.493065	36.544209
110.488144	36.548957
110.488335	36.553996
110.490487	36.560890
110.491127	36.562732
110.493195	36.568703
110.500084	36.581143
110.494065	36.583588
110.488290	36.588559
110.483399	36.591709
110.478784	36.595084
110.473311	36.598685
110.462638	36.606571
110.455117	36.613354
110.444100	36.624440
110.437980	36.631920
110.433862	36.639423
110.428795	36.651265
110.428412	36.651837
110.425285	36.656487
110.419806	36.659855
110.411515	36.662041
110.403449	36.666524
110.393074	36.673031
110.388108	36.679611
110.388878	36.684196
110.389626	36.689472
110.391800	36.694993
110.397163	36.697575
110.404618	36.694920
110.409828	36.690865
110.418206	36.684554
110.426553	36.680076
110.433014	36.684734
110.432900	36.690911
110.433082	36.696408
110.433479	36.705565
110.435058	36.712685
110.439231	36.717998
110.445686	36.723338
110.450119	36.730030
110.449722	36.736202
110.443671	36.739796
110.435744	36.736954
110.431824	36.733018
110.426498	36.728145
110.419449	36.724170
110.416481	36.730545
110.420921	36.737006
110.426796	36.743028
110.429566	36.747180
110.431138	36.754754
110.426986	36.762943
110.420381	36.765609
110.410660	36.767098
110.398376	36.768094
110.386688	36.768178
110.379808	36.770154
110.381959	36.776818
110.387933	36.777577
110.398804	36.775651
110.409286	36.779213
110.411155	36.785873
110.413605	36.792084
110.418090	36.796257
110.420852	36.801098
110.421028	36.807053
110.422890	36.814171
110.418756	36.821674
110.411294	36.823643
110.402984	36.825375
110.402863	36.831784
110.420449	36.837486
110.424590	36.845090
110.424483	36.850815
110.419747	36.859683
110.410232	36.864606
110.397293	36.869255
110.384683	36.871616
110.376067	36.874028
110.379067	36.881620
110.388733	36.883573
110.401817	36.886474
110.408265	36.892963
110.408395	36.897106
110.407852	36.899602
110.407472	36.904400
110.404816	36.908946
110.403871	36.913514
110.408600	36.920208
110.411080	36.925044
110.413856	36.929199
110.417479	36.934051
110.421128	36.937759
110.424408	36.945579
110.424285	36.951988
110.425315	36.957950
110.425201	36.964131
110.421593	36.973701
110.413010	36.988933
110.408333	36.994373
110.399360	36.999526
110.390130	37.003765
110.381485	37.007091
110.373711	37.009513
110.369011	37.015637
110.372017	37.022999
110.380272	37.025162
110.390296	37.024597
110.400094	37.021283
110.409051	37.016583
110.418633	37.009149
110.425269	37.006024
110.433609	37.003606
110.443901	37.003952
110.448136	37.007209
110.447967	37.016132
110.446144	37.021834
110.437233	37.024018
110.427193	37.025501
110.413384	37.029228
110.411567	37.034470
110.421219	37.038707
110.430062	37.040188
110.440063	37.040993
110.446609	37.042900
110.455422	37.046207
110.462517	37.049724
110.469284	37.055069
110.476577	37.063164
110.479928	37.068012
110.483558	37.073090
110.488281	37.080925
110.491364	37.084855
110.498710	37.090199
110.509506	37.095359
110.516884	37.099102
110.524833	37.102853
110.529335	37.107480
110.530677	37.112763
110.532204	37.123997
110.532562	37.136131
110.534492	37.140502
110.541581	37.144928
110.550079	37.150517
110.556580	37.155854
110.564766	37.163494
110.570922	37.172490
110.575417	37.177800
110.581338	37.183815
110.590919	37.193761
110.598258	37.200931
110.608710	37.210198
110.612077	37.215267
110.619652	37.225418
110.629815	37.235592
110.639159	37.243243
110.644791	37.250165
110.649224	37.260280
110.650970	37.266178
110.652764	37.272220
110.656989	37.277526
110.667870	37.279465
110.675338	37.279083
110.686233	37.279873
110.687272	37.286980
110.684890	37.292454
110.679589	37.301097
110.674324	37.307228
110.672797	37.312935
110.679053	37.316887
110.687897	37.320866
110.692742	37.323658
110.698112	37.329433
110.701163	37.336328
110.701065	37.342964
110.694884	37.352291
110.685677	37.353118
110.672745	37.352993
110.657509	37.353531
110.648552	37.356648
110.641610	37.359096
110.635223	37.363148
110.631119	37.368144
110.628128	37.375210
110.628005	37.382763
110.627342	37.388249
110.629220	37.396741
110.631440	37.401570
110.634223	37.407090
110.636162	37.411915
110.637450	37.421314
110.637603	37.429786
110.640655	37.436683
110.651825	37.440003
110.655350	37.439839
110.659888	37.439392
110.668517	37.439479
110.678887	37.438896
110.690383	37.439465
110.701309	37.440254
110.715096	37.441758
110.724267	37.444133
110.730546	37.447625
110.735977	37.450191
110.743332	37.458503
110.747528	37.466781
110.749130	37.475494
110.750953	37.488560
110.753387	37.499568
110.760514	37.504211
110.763040	37.509041
110.763489	37.517514
110.763619	37.528732
110.765244	37.535843
110.770638	37.541156
110.776352	37.544869
110.785767	37.551132
110.786476	37.562354
110.786408	37.567161
110.782852	37.573998
110.781884	37.581314
110.773827	37.580325
110.770584	37.585107
110.767609	37.591716
110.767197	37.600181
110.767685	37.606364
110.768035	37.614726
110.768097	37.617817
110.766579	37.623524
110.760713	37.629878
110.756280	37.637395
110.758217	37.642906
110.764548	37.644109
110.774932	37.644200
110.781562	37.644485
110.791023	37.648690
110.793854	37.653064
110.793769	37.659017
110.788735	37.667901
110.781747	37.672416
110.775611	37.677398
110.770912	37.682850
110.759926	37.684354
110.753556	37.685669
110.746605	37.686982
110.738213	37.688737
110.730400	37.689808
110.722291	37.691563
110.713302	37.693767
110.708053	37.697379
110.703048	37.703515
110.698624	37.709880
110.698205	37.711239
110.699677	37.716531
110.700165	37.722256
110.705560	37.728485
110.716782	37.731343
110.728889	37.733054
110.734931	37.734258
110.742149	37.734780
110.749910	37.737369
110.750694	37.743099
110.749748	37.748580
110.747056	37.754966
110.738548	37.763588
110.732438	37.766510
110.724563	37.770786
110.711472	37.776844
110.702766	37.779050
110.689385	37.784417
110.676560	37.788898
110.666397	37.794263
110.663619	37.804995
110.660080	37.809768
110.657662	37.816384
110.654678	37.822075
110.651412	37.827308
110.646104	37.833434
110.641976	37.838661
110.636374	37.844785
110.628694	37.854548
110.625093	37.862756
110.619994	37.873230
110.619591	37.880321
110.611999	37.884136
110.609893	37.889152
110.605141	37.896197
110.601264	37.903256
110.597381	37.910080
110.592667	37.915299
110.584725	37.922540
110.576837	37.926574
110.569213	37.931763
110.561906	37.935574
110.548142	37.944355
110.542075	37.943375
110.535065	37.946733
110.529237	37.948727
110.519646	37.954122
110.513078	37.961139
110.512642	37.969148
110.515457	37.973754
110.518561	37.978372
110.525688	37.985084
110.526192	37.989669
110.524642	37.995144
110.521073	38.000370
110.515197	38.004655
110.505516	38.010956
110.502518	38.016189
110.498940	38.021873
110.497917	38.030331
110.498664	38.036975
110.498833	38.043847
110.503922	38.050998
110.501960	38.063335
110.501579	38.068368
110.500579	38.075451
110.499282	38.082763
110.498268	38.090993
110.499603	38.097415
110.502983	38.102947
110.508102	38.108955
110.517182	38.120503
110.517593	38.130349
110.514878	38.135812
110.512458	38.141049
110.509766	38.145366
110.505310	38.151043
110.502006	38.156955
110.500718	38.163807
110.501160	38.171369
110.502464	38.179852
110.504365	38.187200
110.505723	38.192474
110.509682	38.198470
110.513069	38.204001
110.517030	38.210223
110.523461	38.208236
110.534759	38.210419
110.543472	38.210971
110.554496	38.214538
110.555907	38.214996
110.559891	38.220074
110.563262	38.226749
110.566232	38.240055
110.567870	38.246250
110.568664	38.250840
110.568566	38.256791
110.567581	38.262958
110.566911	38.268216
110.566505	38.274848
110.567269	38.281266
110.567987	38.290429
110.571098	38.295269
110.579421	38.302218
110.587523	38.305282
110.596223	38.307431
110.604972	38.306606
110.616936	38.304669
110.626016	38.301551
110.635064	38.299816
110.641174	38.300106
110.648727	38.301095
110.655952	38.304370
110.664588	38.310177
110.671981	38.321463
110.675400	38.326530
110.681084	38.335056
110.688254	38.342445
110.698043	38.349408
110.705268	38.353367
110.715707	38.356667
110.729049	38.360225
110.737153	38.363960
110.741119	38.371320
110.747079	38.382130
110.753647	38.391574
110.754372	38.401420
110.756546	38.412200
110.761643	38.422543
110.768753	38.434734
110.775924	38.443498
110.781975	38.448585
110.790970	38.451867
110.799720	38.451942
110.806717	38.452003
110.816346	38.452083
110.824891	38.445747
110.833107	38.442153
110.845672	38.439967
110.854941	38.445079
110.863618	38.450643
110.870232	38.457562
110.873382	38.462394
110.874444	38.470410
110.874359	38.476818
110.874574	38.482769
110.873229	38.496262
110.870736	38.508373
110.872673	38.516400
110.883752	38.517173
110.891045	38.518146
110.902381	38.521439
110.905212	38.528553
110.906021	38.533824
110.907692	38.540475
110.905875	38.545265
110.904351	38.550519
110.904542	38.558300
110.906792	38.565183
110.913132	38.572556
110.916817	38.581280
110.910019	38.587635
110.897408	38.590974
110.889060	38.603951
110.884896	38.609184
110.881881	38.616024
110.879729	38.624244
110.879052	38.631793
110.880105	38.640727
110.883187	38.650593
110.890136	38.656369
110.899147	38.661014
110.908095	38.670240
110.909707	38.681462
110.910224	38.686729
110.910156	38.692222
110.911553	38.697494
110.912788	38.702396
110.913223	38.704146
110.915206	38.709653
110.919837	38.713577
110.925369	38.716365
110.934098	38.720321
110.943383	38.727252
110.945961	38.731849
110.948502	38.740109
110.952194	38.749287
110.953019	38.753873
110.955574	38.760525
110.955802	38.766018
110.956299	38.773345
110.960586	38.782075
110.966416	38.785088
110.971633	38.789475
110.975396	38.794079
110.979134	38.799827
110.986336	38.810860
110.991265	38.815471
110.994691	38.823272
110.995514	38.828086
110.997802	38.833362
110.999192	38.840012
111.000008	38.845505
110.996940	38.857389
110.993346	38.863540
110.991799	38.870621
110.997627	38.873639
111.003739	38.878487
111.013710	38.878553
111.013642	38.884727
111.012651	38.894333
111.010246	38.899810
111.008101	38.907350
111.004753	38.918080
111.003792	38.925168
111.001588	38.938195
110.998009	38.942975
110.989417	38.949550
110.988731	38.958012
110.985451	38.961880
110.980109	38.966420
110.977128	38.970746
110.975006	38.975995
110.978181	38.981048
110.985481	38.984988
110.992729	38.993050
110.996430	39.003372
111.001961	39.008213
111.008430	39.008030
111.013993	39.009671
111.021904	39.012466
111.033279	39.019864
111.039704	39.024253
111.046158	39.025210
111.054352	39.028695
111.057632	39.024597
111.064706	39.023266
111.074996	39.022416
111.081460	39.023601
111.088487	39.026161
111.095497	39.030095
111.101035	39.035389
111.105101	39.039988
111.109482	39.043446
111.114441	39.047596
111.120568	39.052437
111.125213	39.058183
111.131316	39.065770
111.135956	39.073116
111.138251	39.078850
111.140022	39.084302
111.141686	39.089393
111.142791	39.096721
111.150078	39.104084
111.156136	39.108864
111.157677	39.110074
111.163224	39.114910
111.166419	39.118819
111.168733	39.123863
111.170137	39.131190
111.168603	39.138509
111.165886	39.145127
111.163185	39.150834
111.162811	39.159066
111.163017	39.168908
111.167076	39.175793
111.171739	39.181534
111.175522	39.187045
111.180755	39.194398
111.183960	39.198762
111.187440	39.204957
111.189445	39.211373
111.192917	39.218483
111.203453	39.227917
111.207245	39.232056
111.207779	39.238465
111.206528	39.246692
111.205003	39.252862
111.203460	39.260636
111.203690	39.268185
111.205101	39.275742
111.207710	39.280560
111.212403	39.284474
111.222985	39.288642
111.234451	39.293273
111.241806	39.295826
111.246795	39.299965
111.239684	39.303140
111.229950	39.303090
111.224045	39.302834
111.216667	39.303023
111.206138	39.304211
111.195695	39.305665
111.183524	39.312691
111.176689	39.318376
111.174866	39.324085
111.175385	39.331405
111.180352	39.337384
111.187073	39.344966
111.181389	39.353401
111.173416	39.352902
111.165772	39.349655
111.156380	39.343430
111.149902	39.341935
111.149802	39.351856
111.154442	39.360806
111.152015	39.367427
111.145508	39.368993
111.139213	39.368469
111.133766	39.367733
111.121887	39.367484
111.113281	39.371785
111.114097	39.378650
111.117555	39.387593
111.119576	39.392411
111.130630	39.397933
111.140731	39.404655
111.149262	39.408816
111.153640	39.414562
111.159821	39.418254
111.169549	39.420593
111.179588	39.421561
111.186120	39.418854
111.194412	39.416606
111.200264	39.423501
111.210853	39.429570
111.223571	39.429338
111.233330	39.428700
111.239249	39.427583
111.245177	39.426010
111.255859	39.421028
111.264436	39.421067
111.270920	39.422696
111.277420	39.423644
111.285399	39.423220
111.291619	39.421876
111.299621	39.419396
111.309394	39.417144
111.321510	39.417199
111.330665	39.418835
111.341263	39.424599
111.348037	39.428741
111.351845	39.433789
111.352700	39.438823
111.354127	39.446839
111.354949	39.455762
111.356385	39.462631
111.357826	39.468354
111.360153	39.474537
111.363952	39.480958
111.371911	39.486706
111.378395	39.489247
111.390800	39.493409
111.406159	39.498721
111.412055	39.501716
111.420014	39.507004
111.425325	39.510680
111.427955	39.515949
111.428224	39.521438
111.427291	39.528530
111.422813	39.535833
111.417450	39.541763
111.419465	39.551604
111.421806	39.556643
111.423843	39.563285
111.427652	39.570389
111.429985	39.576802
111.432030	39.581383
111.433486	39.586418
111.431663	39.593732
111.429277	39.598069
111.425988	39.602176
111.422104	39.608341
111.420570	39.617027
111.429153	39.618656
111.438370	39.614337
111.443138	39.609551
111.448791	39.605679
111.454087	39.612560
111.454055	39.617818
111.452248	39.623990
111.448670	39.627636
111.442429	39.630592
111.431724	39.636734
111.429917	39.642216
111.436722	39.644757
111.444419	39.646382
111.456262	39.650302
111.477280	39.655777
111.486610	39.658477
111.490036	39.658295
111.497749	39.658673
111.508987	39.657402
111.523491	39.656321
111.536209	39.655262
111.546830	39.652850
111.556548	39.649762
111.568322	39.645730
111.580413	39.642838
111.590715	39.639278
111.602172	39.634788
111.615516	39.635089
111.630073	39.637206
111.639566	39.637778
111.651383	39.636260
111.661117	39.634307
111.674965	39.630927
111.683181	39.627160
111.689880	39.621571
111.701034	39.617077
111.704131	39.609241
111.711548	39.603489
111.723435	39.597996
111.736404	39.595535
111.748490	39.593087
111.760558	39.589946
111.772439	39.591396
111.783181	39.595149
111.787712	39.599218
111.795167	39.601638
111.810943	39.605323
111.819298	39.607960
111.827973	39.611969
111.839836	39.612721
111.854577	39.609535
111.861663	39.608749
111.869674	39.609553
111.882157	39.610112
111.891387	39.612113
111.898459	39.613601
111.905671	39.613925
111.912971	39.614932
111.916542	39.614834
111.917130	39.614818
111.918739	39.615201
111.929633	39.614365
111.927124	39.619183
111.927284	39.620136
111.927329	39.620411
111.928323	39.626424
111.926399	39.635998
111.927947	39.645851
111.932038	39.654756
111.938629	39.662801
111.951980	39.699440
111.958168	39.728226
111.959907	39.758534
111.969040	39.792388
111.970086	39.796258
111.974542	39.805040
111.987380	39.821278
111.997185	39.826931
112.003067	39.836131
112.017419	39.851456
112.031128	39.877689
112.059205	39.917403
112.060609	39.919384
112.069816	39.936851
112.074226	39.941257
112.077217	39.944238
112.078545	39.948447
112.081634	39.952755
112.085342	39.957742
112.089371	39.963635
112.098702	39.972932
112.101601	39.975820
112.108696	39.984875
112.113952	39.992122
112.114923	39.999999
112.115982	40.002964
112.118088	40.005474
112.121384	40.008667
112.123191	40.011174
112.123795	40.012546
112.125001	40.014599
112.126815	40.018250
112.129220	40.021446
112.131027	40.024181
112.133133	40.026916
112.135246	40.030799
112.137940	40.033076
112.139136	40.033990
112.143929	40.037404
112.146926	40.039909
112.149926	40.042184
112.153533	40.046058
112.155038	40.048798
112.156852	40.051760
112.158662	40.054730
112.161073	40.058379
112.162285	40.060891
112.163796	40.064086
112.166205	40.067509
112.168327	40.071616
112.169533	40.073895
112.171363	40.078688
112.173781	40.083482
112.174987	40.085307
112.178308	40.090096
112.180411	40.092147
112.182510	40.094200
112.186118	40.097387
112.187613	40.098294
112.193343	40.105591
112.196044	40.107640
112.199943	40.110824
112.201455	40.112878
112.204773	40.116983
112.204773	40.117669
112.207175	40.119487
112.208374	40.120397
112.212287	40.124043
112.214699	40.127232
112.215911	40.129741
112.217133	40.132481
112.216857	40.135681
112.216278	40.137513
112.215690	40.138885
112.214218	40.141631
112.213935	40.143922
112.213958	40.146436
112.213967	40.147350
112.213691	40.150552
112.213142	40.156036
112.216164	40.160140
112.217078	40.162426
112.217987	40.164250
112.218895	40.165619
112.220406	40.167670
112.222511	40.169950
112.224617	40.171538
112.226714	40.172448
112.228813	40.173808
112.231216	40.175171
112.233315	40.176308
112.236626	40.179039
112.240829	40.181537
112.244134	40.183811
112.247445	40.186314
112.251046	40.188816
112.253150	40.190407
112.254059	40.191086
112.256751	40.192224
112.260049	40.193577
112.263046	40.194710
112.265747	40.196071
112.269051	40.197429
112.272652	40.199015
112.275955	40.201290
112.278366	40.203793
112.280472	40.205383
112.283797	40.209025
112.284714	40.211079
112.284440	40.214279
112.283563	40.216344
112.282104	40.220234
112.280944	40.224125
112.281249	40.225267
112.282767	40.227090
112.284287	40.230053
112.286095	40.231876
112.287902	40.233467
112.289429	40.236660
112.291542	40.238709
112.292449	40.239621
112.293960	40.241672
112.295173	40.243267
112.296082	40.244637
112.297593	40.245998
112.298806	40.247821
112.300613	40.249874
112.301522	40.250781
112.302726	40.251465
112.305420	40.252140
112.309319	40.253036
112.314415	40.254382
112.315307	40.254380
112.318010	40.254597
112.318901	40.254592
112.321586	40.253895
112.325478	40.254563
112.328475	40.255009
112.331169	40.255221
112.332963	40.255445
112.333863	40.255440
112.338645	40.255187
112.341943	40.256087
112.346152	40.258125
112.348853	40.259483
112.352165	40.261758
112.353683	40.263577
112.355492	40.265167
112.357904	40.266758
112.361213	40.268570
112.364508	40.269238
112.366608	40.269917
112.372009	40.271487
112.376517	40.273292
112.379218	40.274651
112.384651	40.278740
112.387368	40.281238
112.390083	40.283284
112.392806	40.285787
112.397323	40.288506
112.402130	40.290539
112.405433	40.291893
112.411149	40.293919
112.415939	40.294349
112.421630	40.295234
112.426125	40.295899
112.434220	40.297221
112.439911	40.297650
112.441712	40.297866
112.443809	40.298087
112.446204	40.298532
112.449203	40.298741
112.452187	40.298267
112.455476	40.297795
112.457862	40.297093
112.460533	40.295475
112.464095	40.293171
112.466468	40.291330
112.467637	40.289037
112.468216	40.287435
112.471177	40.284900
112.474151	40.283512
112.477440	40.283036
112.479821	40.282334
112.485779	40.279786
112.488450	40.278398
112.492028	40.277005
112.494690	40.275161
112.497359	40.272857
112.499137	40.271476
112.502396	40.269170
112.504776	40.268014
112.506560	40.267547
112.511330	40.266143
112.516105	40.265202
112.519082	40.264039
112.525062	40.263775
112.527747	40.263298
112.533119	40.262348
112.537591	40.261639
112.542365	40.260461
112.548622	40.259048
112.553987	40.257416
112.557572	40.256935
112.561424	40.254624
112.564690	40.252546
112.567673	40.252297
112.571244	40.250672
112.575698	40.248815
112.577781	40.248113
112.579864	40.247413
112.582847	40.246478
112.585229	40.245776
112.587005	40.244851
112.588791	40.243924
112.590875	40.243454
112.592666	40.243210
112.593566	40.243206
112.598334	40.242255
112.602204	40.241088
112.605773	40.239921
112.609351	40.238980
112.613518	40.237351
112.617379	40.235951
112.618272	40.235719
112.620362	40.235473
112.623345	40.234764
112.626595	40.232457
112.628068	40.230618
112.628653	40.230155
112.629845	40.229462
112.632790	40.226470
112.636940	40.224380
112.638718	40.223224
112.641098	40.222522
112.644646	40.219525
112.647012	40.218135
112.650269	40.215824
112.652336	40.214210
112.654114	40.213055
112.656762	40.210065
112.661209	40.207972
112.662986	40.207043
112.665054	40.205201
112.667998	40.202664
112.671251	40.200123
112.673035	40.199426
112.677780	40.197331
112.681046	40.195476
112.682503	40.193639
112.687524	40.189712
112.692276	40.187617
112.695243	40.186451
112.698798	40.184598
112.701447	40.182061
112.704093	40.179299
112.705558	40.177685
112.707069	40.178585
112.711197	40.175126
112.714148	40.172817
112.717681	40.169815
112.721825	40.167041
112.728081	40.166301
112.731666	40.166276
112.737639	40.166226
112.743918	40.166859
112.748420	40.168195
112.752930	40.169758
112.758033	40.171315
112.762245	40.173336
112.766450	40.174900
112.773980	40.178494
112.778190	40.180516
112.782714	40.182763
112.788131	40.185459
112.792045	40.187027
112.797761	40.189263
112.803475	40.191499
112.806474	40.192158
112.810975	40.193489
112.817886	40.195713
112.821785	40.196590
112.826897	40.198375
112.830804	40.199711
112.833817	40.200825
112.838334	40.202842
112.841971	40.206008
112.843537	40.209652
112.845680	40.212834
112.847220	40.215336
112.848449	40.217381
112.851302	40.226269
112.854110	40.233100
112.857864	40.242210
112.859414	40.245396
112.861588	40.249947
112.864045	40.253583
112.865310	40.257229
112.867181	40.261555
112.867507	40.263153
112.868767	40.266571
112.870315	40.269527
112.871566	40.272258
112.873123	40.275902
112.874107	40.280465
112.875397	40.285709
112.877266	40.289577
112.878830	40.293221
112.879807	40.297558
112.883812	40.304145
112.883331	40.310322
112.883377	40.312840
112.883454	40.316952
112.884133	40.321747
112.886298	40.325387
112.892044	40.328299
112.897462	40.329849
112.900773	40.330959
112.906204	40.332965
112.913712	40.334492
112.916435	40.335839
112.922149	40.337384
112.927268	40.338932
112.933593	40.340698
112.939316	40.342239
112.943833	40.343567
112.944435	40.343788
112.949273	40.346027
112.955611	40.348705
112.961029	40.350250
112.968559	40.352235
112.978797	40.355100
112.982957	40.356274
112.987816	40.356606
112.993233	40.357921
112.999840	40.358765
113.007384	40.361427
113.012505	40.362746
113.016120	40.363854
113.019149	40.365645
113.026085	40.367630
113.032692	40.368702
113.038100	40.369331
113.045295	40.369709
113.052215	40.371001
113.058227	40.372082
113.063927	40.372246
113.071435	40.373078
113.075936	40.373486
113.080146	40.374352
113.085572	40.375664
113.092186	40.376729
113.097305	40.377816
113.101508	40.378452
113.108131	40.379749
113.113259	40.381061
113.117783	40.382611
113.121102	40.383712
113.123215	40.384147
113.128632	40.385456
113.137673	40.387639
113.142799	40.389175
113.151840	40.391359
113.156677	40.393127
113.163605	40.394643
113.168419	40.395500
113.175644	40.396785
113.180457	40.397644
113.184975	40.398501
113.187682	40.398925
113.192206	40.400243
113.212317	40.401596
113.215333	40.402244
113.220162	40.403556
113.225906	40.405770
113.231063	40.408217
113.236205	40.410214
113.240738	40.411755
113.244346	40.412167
113.249100	40.410275
113.251138	40.407739
113.254326	40.403351
113.258103	40.398273
113.260414	40.394584
113.262139	40.391591
113.265075	40.389038
113.269761	40.384635
113.272988	40.381852
113.275322	40.379074
113.277665	40.376758
113.279388	40.373994
113.281715	40.370990
113.283440	40.367995
113.284584	40.365695
113.286278	40.361557
113.288283	40.357871
113.290581	40.353958
113.291985	40.350051
113.293723	40.347745
113.294571	40.345448
113.295410	40.343148
113.296249	40.340623
113.302933	40.327319
113.310012	40.320281
113.316330	40.317494
113.320565	40.319039
113.326591	40.320557
113.331680	40.320717
113.337371	40.320865
113.342132	40.319659
113.348993	40.318424
113.355844	40.317189
113.360924	40.316890
113.365409	40.316826
113.373215	40.317635
113.374412	40.317615
113.380401	40.317765
113.390037	40.319687
113.397568	40.321635
113.401770	40.322032
113.409866	40.322376
113.414971	40.322761
113.420081	40.323604
113.424904	40.324906
113.431816	40.325722
113.438729	40.326768
113.444144	40.327832
113.450471	40.329109
113.455275	40.329726
113.458275	40.329911
113.463975	40.330285
113.468483	40.330907
113.477486	40.331684
113.481034	40.332447
113.483489	40.332283
113.488900	40.332890
113.493102	40.333282
113.499719	40.334328
113.508149	40.335800
113.514779	40.337300
113.519882	40.337911
113.524110	40.338989
113.526818	40.339406
113.530435	40.340263
113.553078	40.347542
113.565811	40.356517
113.572181	40.365226
113.577423	40.370174
113.579247	40.371288
113.582009	40.373303
113.586289	40.376435
113.589660	40.378899
113.593024	40.381360
113.596390	40.383594
113.601876	40.386707
113.607070	40.390053
113.612556	40.393170
113.619293	40.397861
113.622689	40.401239
113.626687	40.404603
113.630379	40.407741
113.635888	40.411540
113.641068	40.414428
113.648056	40.417514
113.657159	40.421024
113.661193	40.422637
113.665213	40.429226
113.666588	40.434917
113.668473	40.437857
113.673721	40.442799
113.681947	40.447006
113.688903	40.448720
113.694359	40.450684
113.701942	40.453296
113.711029	40.456116
113.717704	40.458516
113.723174	40.460708
113.728630	40.462440
113.735001	40.464847
113.740776	40.467033
113.748046	40.469421
113.756554	40.472701
113.762054	40.475803
113.770722	40.484113
113.776679	40.492007
113.783874	40.501254
113.786117	40.505557
113.787423	40.508736
113.788132	40.512153
113.787979	40.516727
113.793488	40.510685
113.798438	40.505799
113.803384	40.500907
113.808961	40.496921
113.814857	40.493614
113.819855	40.490323
113.826011	40.485870
113.830941	40.480523
113.834077	40.475434
113.836930	40.471039
113.839485	40.466648
113.844354	40.459473
113.849037	40.455956
113.856818	40.455357
113.867722	40.458356
113.875626	40.461410
113.883559	40.465378
113.886643	40.467835
113.893722	40.473191
113.902023	40.478978
113.907258	40.482766
113.913696	40.486763
113.918587	40.489414
113.924385	40.492274
113.929023	40.496299
113.933404	40.501247
113.938361	40.505956
113.940902	40.509792
113.942475	40.511822
113.944961	40.514286
113.949242	40.516490
113.954415	40.518452
113.958053	40.519523
113.963516	40.521019
113.967140	40.521634
113.971962	40.522229
113.980058	40.521839
113.984550	40.521294
113.989913	40.520278
113.995292	40.519485
114.000000	40.515118
114.004716	40.514562
114.011528	40.516381
114.017700	40.518867
114.023911	40.520668
114.028663	40.521741
114.032799	40.523015
114.037889	40.523407
114.042962	40.524029
114.049164	40.526055
114.055098	40.527389
114.061111	40.533073
114.066025	40.536663
114.070006	40.540904
114.073327	40.546276
114.074790	40.552730
114.075050	40.559146
114.075096	40.563953
114.072739	40.568684
114.070031	40.574321
114.065307	40.578293
114.059989	40.582241
114.052598	40.585438
114.047935	40.588264
114.044143	40.591578
114.041282	40.594464
114.039001	40.597821
114.036988	40.601650
114.035660	40.603897
114.035386	40.605244
114.035003	40.607238
114.037606	40.609821
114.040765	40.613561
114.042755	40.616359
114.044776	40.618470
114.045578	40.621007
114.047860	40.624038
114.049850	40.626832
114.050971	40.628922
114.052375	40.631475
114.053405	40.635848
114.054428	40.640224
114.055816	40.643235
114.056632	40.645314
114.058579	40.649254
114.060272	40.652042
114.061355	40.655045
114.062790	40.656910
114.063613	40.658760
114.063798	40.661744
114.063698	40.664260
114.064201	40.666790
114.064361	40.670227
114.065391	40.674603
114.065872	40.677593
114.065209	40.679179
114.064835	40.681003
114.064156	40.683049
114.063447	40.685780
114.061706	40.691692
114.061020	40.693736
114.059707	40.696453
114.058654	40.700093
114.057952	40.702595
114.057236	40.705556
114.057425	40.708304
114.058793	40.711778
114.060204	40.714096
114.062813	40.716678
114.065391	40.719944
114.067435	40.721596
114.070106	40.722576
114.074494	40.725888
114.078026	40.727802
114.081313	40.728566
114.086366	40.730289
114.092934	40.731586
114.096237	40.731891
114.099542	40.732196
114.103179	40.731597
114.107963	40.732395
114.110962	40.732696
114.114547	40.733468
114.116653	40.733516
114.119361	40.733578
114.120865	40.733612
114.122636	40.734569
114.124131	40.734833
114.127121	40.735360
114.127862	40.735759
