
116.712502	30.060217
116.718872	30.058710
116.724427	30.058797
116.732094	30.058455
116.733910	30.056276
116.737778	30.051663
116.743339	30.050831
116.748383	30.049760
116.751564	30.049122
116.754737	30.048939
116.758187	30.048076
116.759553	30.045801
116.760918	30.043759
116.762010	30.041943
116.763366	30.039900
116.765488	30.039702
116.768393	30.039515
116.770782	30.038861
116.775017	30.038697
116.778472	30.037601
116.780883	30.035577
116.781991	30.033070
116.782845	30.030102
116.785065	30.024402
116.786781	30.017781
116.788728	30.012765
116.790642	30.009353
116.792801	30.006864
116.795472	30.005529
116.798118	30.004882
116.801026	30.004923
116.807579	30.007539
116.813302	30.011981
116.816444	30.013405
116.819070	30.013900
116.821228	30.011639
116.821830	30.007979
116.822701	30.003637
116.822288	29.997898
116.821602	29.992157
116.822259	29.985518
116.822113	29.979323
116.822425	29.976577
116.824852	29.974090
116.828050	29.972764
116.832009	29.972588
116.834924	29.972176
116.837563	29.971982
116.840462	29.972256
116.844131	29.973682
116.847001	29.975328
116.849877	29.976748
116.853257	29.979547
116.857177	29.981664
116.859267	29.982612
116.863746	29.983136
116.869614	29.980012
116.873895	29.977320
116.877899	29.974624
116.882972	29.971488
116.885384	29.969457
116.887542	29.967196
116.889160	29.965384
116.890519	29.963110
116.891617	29.960835
116.892716	29.958326
116.895211	29.952172
116.894753	29.948268
116.893525	29.943436
116.892007	29.939746
116.889953	29.936507
116.888429	29.933506
116.886908	29.930044
116.887246	29.926151
116.887054	29.922024
116.886070	29.918113
116.884805	29.915343
116.883788	29.913035
116.881776	29.907964
116.879501	29.902430
116.877769	29.896215
116.874948	29.892048
116.873147	29.889728
116.869010	29.885314
116.864350	29.880662
116.862023	29.878107
116.858688	29.873243
116.856377	29.870000
116.852744	29.866508
116.847833	29.861394
116.842887	29.858114
116.838990	29.854848
116.834343	29.849964
116.830696	29.847619
116.825752	29.844109
116.823182	29.840631
116.821914	29.837864
116.818573	29.833456
116.816269	29.829755
116.813224	29.823749
116.811439	29.820743
116.809899	29.818428
116.807342	29.814264
116.803718	29.811000
116.797988	29.807476
116.793815	29.805350
116.791748	29.803258
116.788108	29.800452
116.784737	29.797651
116.781334	29.796452
116.775833	29.794996
116.772393	29.795860
116.770515	29.797437
116.769166	29.799251
116.766205	29.802189
116.763541	29.803522
116.757454	29.805036
116.753251	29.804511
116.749604	29.802164
116.747008	29.800293
116.744171	29.797038
116.740830	29.792863
116.738838	29.787099
116.738083	29.785253
116.736579	29.781332
116.734300	29.776713
116.728600	29.772040
116.722840	29.770345
116.718407	29.767984
116.715554	29.765878
116.713760	29.763097
116.709617	29.759596
116.708069	29.757965
116.705512	29.754256
116.702691	29.750546
116.700409	29.746152
116.698089	29.743827
116.693383	29.741919
116.688156	29.740231
116.685020	29.739034
116.682151	29.737384
116.681146	29.735305
116.679368	29.732069
116.676597	29.725836
116.673798	29.720976
116.671241	29.717266
116.669732	29.714034
116.667710	29.710103
116.666473	29.706187
116.663116	29.702923
116.659186	29.701943
116.656570	29.701214
116.652901	29.700469
116.650826	29.699058
116.649277	29.697431
116.648552	29.694438
116.649680	29.690557
116.651825	29.688986
116.661559	29.689141
116.668121	29.690163
116.672645	29.687710
116.675323	29.685230
116.675904	29.682719
116.676515	29.678603
116.675010	29.675138
116.672180	29.671654
116.669586	29.669778
116.662842	29.665315
116.658699	29.661812
116.656135	29.658790
116.652000	29.655057
116.649696	29.652037
116.647408	29.648103
116.646179	29.643955
116.647057	29.639844
116.650001	29.637141
116.653992	29.635140
116.657188	29.633355
116.661734	29.629759
116.665718	29.627762
116.668403	29.625278
116.671874	29.622586
116.675355	29.619888
116.678039	29.617178
116.680733	29.614240
116.682128	29.610135
116.684036	29.606726
116.688569	29.604045
116.695472	29.600485
116.700042	29.595740
116.703796	29.592360
116.706779	29.587592
116.708466	29.582346
116.710693	29.576190
116.711570	29.571843
116.713181	29.570036
116.716386	29.567563
116.719536	29.567844
116.721885	29.568568
116.724992	29.571137
116.727287	29.574613
116.730088	29.579469
116.731613	29.582013
116.732338	29.585236
116.735161	29.588490
116.738785	29.591294
116.742461	29.591809
116.744820	29.592303
116.748191	29.594421
116.750267	29.595827
116.752556	29.599758
116.755416	29.601634
116.758324	29.600763
116.761276	29.597826
116.765016	29.594901
116.767983	29.591050
116.770675	29.587649
116.772553	29.586074
116.774422	29.584727
116.776566	29.582236
116.778458	29.579743
116.779823	29.577013
116.781708	29.574749
116.784126	29.572263
116.786515	29.570920
116.790756	29.569152
116.797074	29.568789
116.802086	29.568174
116.808404	29.567349
116.813400	29.567422
116.819945	29.568894
116.826224	29.570362
116.831193	29.571812
116.835899	29.573484
116.840583	29.575615
116.842666	29.577022
116.843926	29.580019
116.846208	29.584411
116.849036	29.587889
116.851609	29.590908
116.855224	29.594398
116.858841	29.597889
116.862191	29.601607
116.864236	29.604615
116.866797	29.608091
116.868568	29.612018
116.872445	29.615737
116.876862	29.618782
116.880249	29.620204
116.885735	29.622347
116.891205	29.625405
116.898758	29.629638
116.907097	29.633882
116.913613	29.637184
116.919831	29.642312
116.923728	29.645118
116.927377	29.647235
116.931023	29.649118
116.934677	29.651002
116.939386	29.652215
116.943581	29.653188
116.948837	29.653719
116.953560	29.654241
116.958275	29.655681
116.961938	29.656878
116.966118	29.658309
116.969504	29.660190
116.971314	29.662049
116.973885	29.665520
116.975410	29.668524
116.976677	29.671519
116.977944	29.674291
116.979469	29.677290
116.982315	29.680080
116.984123	29.681937
116.987252	29.683815
116.990899	29.685926
116.996125	29.688059
116.999534	29.688790
117.004020	29.688394
117.010071	29.688243
117.016151	29.686721
117.023285	29.685436
117.028817	29.684822
117.032516	29.683954
117.036743	29.683321
117.040413	29.684057
117.045922	29.685274
117.049844	29.686698
117.053497	29.688811
117.057654	29.691617
117.061034	29.694181
117.065483	29.696070
117.068893	29.696574
117.073089	29.697545
117.077285	29.698513
117.080430	29.699243
117.082253	29.700412
117.085396	29.701597
117.094018	29.705604
117.101571	29.710515
117.107558	29.714485
117.111182	29.718428
117.114533	29.722827
117.116044	29.727198
117.117035	29.730882
117.115387	29.735216
117.111084	29.740666
117.106551	29.744048
117.102813	29.747439
117.102485	29.751332
117.103226	29.754322
117.107643	29.757816
117.112313	29.762459
117.115433	29.765021
117.120148	29.766684
117.123275	29.768558
117.126396	29.771115
117.130035	29.774372
117.131036	29.777595
117.130158	29.783315
117.128235	29.787876
117.127136	29.790841
117.124695	29.794939
117.122535	29.798125
117.117477	29.801270
117.113778	29.802141
117.105026	29.805471
117.094971	29.808324
117.090729	29.809876
117.087265	29.811898
117.086173	29.814177
117.084288	29.816673
117.081086	29.818927
117.076843	29.820937
117.073387	29.822496
117.070183	29.824978
117.068291	29.827706
117.067193	29.830671
117.067421	29.832738
117.067917	29.834578
117.072633	29.836472
117.080011	29.836337
117.084733	29.837543
117.087340	29.839182
117.090980	29.842436
117.094613	29.845921
117.097724	29.849397
117.099771	29.853093
117.102104	29.855644
117.104965	29.857743
117.109954	29.859179
117.112830	29.860592
117.116768	29.861558
117.122268	29.863917
117.124862	29.866472
117.126662	29.869246
117.126886	29.872229
117.127601	29.876594
117.125657	29.882989
117.124023	29.886180
117.123460	29.888463
117.123145	29.891440
117.122840	29.893958
117.122512	29.897851
117.124299	29.901541
117.127159	29.904098
117.129235	29.906188
117.132896	29.908294
117.137618	29.909960
117.143364	29.913698
117.149139	29.915371
117.154641	29.917960
117.160956	29.918954
117.166435	29.922919
117.172211	29.924360
117.178558	29.923749
117.183563	29.924266
117.190375	29.927097
117.195633	29.928537
117.198257	29.929253
117.200882	29.929973
117.207214	29.930046
117.211708	29.929412
117.217278	29.927642
117.222846	29.925643
117.228157	29.923642
117.232147	29.921167
117.236396	29.919610
117.240906	29.917600
117.245170	29.914664
117.248382	29.911494
117.250289	29.907387
117.251930	29.903510
117.253585	29.898713
117.254440	29.894596
117.255554	29.890710
117.256133	29.886820
117.256454	29.883155
117.255470	29.878102
117.253968	29.873271
117.253494	29.869369
117.252496	29.865688
117.251495	29.862009
117.249168	29.859001
117.247634	29.855313
117.245834	29.852542
117.244049	29.848626
117.244111	29.844273
117.244949	29.841073
117.247643	29.837203
117.250579	29.834945
117.252707	29.833595
117.256149	29.832485
117.260368	29.832305
117.262467	29.833016
117.265899	29.832595
117.269623	29.830117
117.272828	29.827631
117.277062	29.826302
117.281295	29.825204
117.283936	29.824773
117.287095	29.825267
117.288109	29.828030
117.289374	29.831483
117.290099	29.836077
117.291899	29.839307
117.294502	29.841627
117.297645	29.842808
117.301337	29.842618
117.305816	29.842669
117.310821	29.843412
117.315286	29.844604
117.320266	29.846263
117.322868	29.848583
117.324942	29.851129
117.327821	29.852993
117.331253	29.852571
117.333129	29.850299
117.334487	29.847106
117.336671	29.841855
117.339135	29.835692
117.340249	29.831118
117.340821	29.827916
117.342446	29.824725
117.344322	29.822681
117.346984	29.820415
117.350738	29.816098
117.353653	29.814984
117.359168	29.815959
117.364944	29.817851
117.370445	29.820433
117.372239	29.823891
117.374030	29.827806
117.375015	29.832859
117.376016	29.837456
117.376724	29.843195
117.378532	29.845964
117.384300	29.848088
117.389832	29.848601
117.397706	29.851204
117.404015	29.852186
117.409280	29.852929
117.413238	29.852740
117.415367	29.851384
117.417778	29.848428
117.418351	29.844768
117.418945	29.839959
117.419244	29.836980
117.417434	29.834211
117.415657	29.829379
117.412858	29.821787
117.409767	29.816023
117.406670	29.811406
117.404869	29.807948
117.403595	29.804956
117.403641	29.801286
117.404213	29.797626
117.405562	29.795347
117.408006	29.790326
117.410408	29.787372
117.413086	29.784188
117.417373	29.779190
117.419267	29.775313
117.421669	29.772813
117.426482	29.766903
117.429160	29.763489
117.431549	29.762138
117.434975	29.762172
117.437623	29.761283
117.440278	29.759473
117.444786	29.756996
117.447457	29.754270
117.449600	29.751542
117.450438	29.747884
117.450477	29.744445
117.451621	29.737578
117.451690	29.732076
117.451744	29.727718
117.450005	29.720138
117.449021	29.714855
117.448800	29.711415
117.447273	29.707272
117.447084	29.701310
117.446334	29.698322
117.446915	29.693971
117.448540	29.690550
117.455430	29.686951
117.458099	29.683765
117.460777	29.679893
117.463730	29.675339
117.466399	29.672841
117.468788	29.670801
117.472496	29.669233
117.475937	29.667661
117.479119	29.665630
117.481505	29.663816
117.484680	29.662701
117.488372	29.662049
117.492058	29.662084
117.496513	29.663045
117.499397	29.664217
117.502792	29.666083
117.505149	29.667022
117.507782	29.666820
117.511216	29.665933
117.513589	29.665498
117.517037	29.663467
117.520752	29.660522
117.523147	29.658252
117.525276	29.656666
117.526619	29.654385
117.526917	29.651636
117.525627	29.649562
117.524064	29.648172
117.521454	29.646314
117.518058	29.644450
117.513878	29.642116
117.510758	29.639108
117.508942	29.636799
117.507918	29.634495
117.507957	29.631055
117.508529	29.627393
117.509628	29.623737
117.513069	29.621704
117.515975	29.620585
117.519683	29.619017
117.523644	29.617447
117.527093	29.614958
117.529221	29.612686
117.530830	29.610406
117.531913	29.607434
117.532478	29.604462
117.533561	29.601949
117.535690	29.599679
117.539131	29.598104
117.549392	29.597281
117.554955	29.593894
117.559434	29.593017
117.565476	29.593988
117.568894	29.593789
117.572593	29.591989
117.576561	29.589960
117.578941	29.588607
117.581322	29.587481
117.584481	29.587050
117.587891	29.587768
117.591560	29.588948
117.598106	29.591526
117.603592	29.594325
117.610641	29.599200
117.615074	29.602678
117.618981	29.605921
117.623154	29.608936
117.629173	29.611735
117.633346	29.614525
117.636749	29.616157
117.642784	29.617583
117.651481	29.616052
117.656226	29.614486
117.660477	29.610855
117.661819	29.608111
117.661858	29.604674
117.661881	29.602382
117.663750	29.599647
117.666382	29.599669
117.670074	29.599011
117.673760	29.598124
117.675888	29.596080
117.676704	29.592875
117.677003	29.589899
117.677048	29.586001
117.677078	29.582562
117.677124	29.578437
117.677429	29.574542
117.677734	29.570647
117.679610	29.566766
117.682815	29.561975
117.685219	29.558558
117.688661	29.556523
117.691300	29.554937
117.695785	29.553367
117.702376	29.551587
117.712097	29.551892
117.719185	29.552637
117.724701	29.552911
117.730736	29.554103
117.736488	29.557355
117.741967	29.561293
117.747733	29.562943
117.752472	29.562061
117.758270	29.560730
117.761962	29.559611
117.765641	29.559639
117.772179	29.562898
117.777672	29.566148
117.782379	29.568475
117.785508	29.570788
117.789695	29.572883
117.794686	29.573835
117.799142	29.575474
117.802025	29.576181
117.806747	29.576675
117.811219	29.576477
117.814911	29.575586
117.817550	29.574460
117.820465	29.571727
117.822327	29.569448
117.824714	29.566485
117.827095	29.565125
117.830528	29.563317
117.835799	29.561977
117.840538	29.560863
117.843972	29.559053
117.846878	29.557697
117.850554	29.557724
117.854766	29.557521
117.858452	29.556860
117.862670	29.555053
117.865578	29.553011
117.867438	29.550502
117.871399	29.548922
117.875085	29.548489
117.879807	29.548979
117.884803	29.548553
117.890312	29.550192
117.894241	29.551824
117.901306	29.554850
117.907875	29.555807
117.915749	29.557234
117.921014	29.555662
117.924973	29.554080
117.928405	29.551812
117.933663	29.552302
117.939406	29.556692
117.944886	29.562228
117.949836	29.567762
117.955071	29.570772
117.959787	29.572634
117.963723	29.572885
117.966888	29.571759
117.969001	29.570857
117.972709	29.567210
117.975891	29.563559
117.979560	29.564268
117.982170	29.567262
117.985030	29.570950
117.989472	29.575789
117.993386	29.578790
117.998634	29.580657
118.003097	29.580908
118.008888	29.579793
118.014962	29.576846
118.023384	29.574831
118.028915	29.573257
118.032350	29.571445
118.037628	29.568719
118.040557	29.563005
118.042435	29.557973
118.042458	29.554303
118.041954	29.550632
118.042763	29.548115
118.045402	29.545608
118.050941	29.543573
118.055419	29.541763
118.060677	29.541102
118.064103	29.540205
118.069098	29.539313
118.073577	29.537501
118.077271	29.536145
118.081474	29.536166
118.086197	29.536877
118.089615	29.536437
118.092248	29.535532
118.098046	29.533039
118.104140	29.524358
118.109941	29.521634
118.115752	29.517308
118.121544	29.515273
118.125496	29.513457
118.129188	29.511182
118.132087	29.508673
118.134469	29.505933
118.137650	29.502280
118.138984	29.497931
118.138496	29.492197
118.134063	29.486444
118.130150	29.482529
118.125183	29.478381
118.122314	29.474470
118.123123	29.470807
118.125518	29.466461
118.130273	29.460982
118.132659	29.457326
118.133735	29.453203
118.134293	29.447476
118.134056	29.443576
118.133286	29.440134
118.129883	29.438284
118.127007	29.436666
118.124130	29.435045
118.123887	29.431606
118.125489	29.427718
118.126815	29.424971
118.130776	29.421325
118.137085	29.419290
118.142341	29.417710
118.152328	29.416149
118.158379	29.414574
118.164428	29.412078
118.167847	29.410485
118.171539	29.407064
118.175224	29.404790
118.180229	29.402059
118.183655	29.399096
118.189453	29.395222
118.193437	29.386985
118.197389	29.382646
118.200042	29.377155
118.202690	29.373041
118.204552	29.368463
118.206145	29.363656
118.207221	29.358845
118.206986	29.354257
118.205947	29.350815
118.202553	29.348281
118.195221	29.345958
118.190522	29.342729
118.185813	29.339499
118.180596	29.335809
118.177986	29.333277
118.173287	29.328671
118.169374	29.324986
118.167297	29.321998
118.164170	29.318545
118.163924	29.315103
118.165520	29.310757
118.166329	29.306634
118.166878	29.302739
118.165848	29.299067
118.161668	29.296296
118.158279	29.292613
118.152802	29.288463
118.144424	29.287280
118.136818	29.287013
118.130523	29.288358
118.124741	29.290625
118.118697	29.293117
118.114494	29.294931
118.111602	29.295608
118.108726	29.294906
118.105065	29.292823
118.101417	29.290053
118.097237	29.287514
118.091995	29.287487
118.089096	29.289764
118.086456	29.292043
118.083831	29.293404
118.080414	29.294076
118.077271	29.294518
118.073600	29.293812
118.071786	29.291282
118.071542	29.288759
118.070771	29.286003
118.072654	29.278218
118.072182	29.271109
118.072488	29.263547
118.072524	29.257815
118.073089	29.252088
118.073661	29.245211
118.074730	29.241551
118.075822	29.234907
118.074555	29.228710
118.071945	29.226634
118.064369	29.223386
118.058877	29.222441
118.054687	29.222418
118.049721	29.220558
118.043709	29.218003
118.039283	29.214999
118.034599	29.210161
118.033569	29.207177
118.033874	29.201447
118.034157	29.198466
118.033143	29.193648
118.031860	29.189514
118.030052	29.186066
118.029029	29.182622
118.028268	29.178950
118.030137	29.173915
118.032792	29.168660
118.036491	29.163406
118.039925	29.159297
118.041001	29.155179
118.041551	29.151742
118.041564	29.148761
118.040283	29.145545
118.038727	29.142787
118.037703	29.140027
118.038522	29.135220
118.039078	29.130867
118.041450	29.127442
118.044876	29.123790
118.046478	29.119905
118.046754	29.117156
118.043900	29.114387
118.041557	29.111855
118.040276	29.108867
118.039773	29.105653
118.039002	29.102898
118.040345	29.098321
118.043511	29.094670
118.047973	29.091942
118.053489	29.088307
118.059524	29.085585
118.063469	29.083313
118.066101	29.080806
118.068725	29.078987
118.069787	29.076927
118.069023	29.073713
118.068269	29.069356
118.066459	29.066596
118.065162	29.064984
118.064132	29.061999
118.063638	29.057869
118.064444	29.053976
118.066047	29.049399
118.070281	29.041856
118.075020	29.037297
118.078965	29.033418
118.081855	29.030453
118.085014	29.027490
118.086349	29.023597
118.086905	29.017642
118.086411	29.013514
118.086700	29.009387
118.088296	29.005499
118.090142	29.002299
118.093048	28.997499
118.096473	28.993620
118.105369	28.991370
118.112167	28.991635
118.119233	28.990520
118.126029	28.989406
118.132577	28.987833
118.138856	28.986716
118.145402	28.984683
118.150894	28.983562
118.157424	28.983594
118.161866	28.984070
118.166832	28.984779
118.171539	28.984572
118.177025	28.983909
118.181221	28.982320
118.185159	28.978211
118.187522	28.975701
118.190948	28.970899
118.194900	28.964730
118.198852	28.959014
118.201477	28.956274
118.206200	28.952855
118.209869	28.949890
118.213279	28.947383
118.215651	28.944183
118.216447	28.941207
118.214890	28.938219
118.213340	28.935921
118.208657	28.932006
118.204757	28.928323
118.201126	28.924409
118.198020	28.918666
118.195946	28.915906
118.195167	28.913839
118.194139	28.912002
118.194672	28.909941
118.196762	28.909260
118.199638	28.908813
118.202248	28.908825
118.205375	28.910443
118.214225	28.915521
118.221794	28.917387
118.228303	28.920621
118.233520	28.921788
118.238999	28.923186
118.242652	28.924115
118.245522	28.925271
118.248391	28.925515
118.250741	28.926208
118.258064	28.924405
118.261733	28.921207
118.266449	28.917098
118.271438	28.912305
118.275376	28.908189
118.278009	28.902470
118.279602	28.897434
118.281188	28.892625
118.281997	28.886665
118.283592	28.880484
118.285195	28.872696
118.289407	28.863999
118.292306	28.857362
118.294678	28.852099
118.296264	28.847060
118.295510	28.842014
118.295517	28.839493
118.296837	28.836059
118.299979	28.832631
118.306778	28.829445
118.313584	28.825342
118.321419	28.823535
118.330039	28.821037
118.340737	28.820387
118.346221	28.818338
118.350410	28.815599
118.355376	28.814010
118.360336	28.811964
118.365044	28.808310
118.368454	28.803734
118.372390	28.798471
118.375009	28.794813
118.377632	28.790693
118.379204	28.788176
118.380524	28.784056
118.379234	28.780156
118.379510	28.775340
118.380050	28.769155
118.381896	28.765260
118.383476	28.760223
118.386368	28.754500
118.387154	28.751065
118.387168	28.746707
118.388490	28.743275
118.390069	28.738236
118.391906	28.734345
118.393479	28.731367
118.395318	28.727018
118.396371	28.723811
118.396651	28.719458
118.398231	28.714647
118.400856	28.708926
118.404785	28.703203
118.407662	28.697939
118.412895	28.692450
118.418121	28.687423
118.421776	28.684909
118.424913	28.682853
118.427520	28.680339
118.430396	28.676679
118.432235	28.674160
118.432502	28.671412
118.430435	28.665905
118.426011	28.662455
118.422638	28.659239
118.418738	28.655330
118.415885	28.652117
118.413291	28.649131
118.412254	28.647294
118.413307	28.642941
118.416970	28.638136
118.422196	28.634253
118.427932	28.630141
118.430298	28.623728
118.431091	28.618686
118.428504	28.613410
118.425384	28.611338
118.421754	28.608120
118.415260	28.603291
118.413444	28.599161
118.411637	28.595945
118.409050	28.590669
118.409066	28.585167
118.408295	28.581267
118.408836	28.575768
118.411468	28.567752
118.412521	28.563171
118.413574	28.559050
118.416206	28.550574
118.418823	28.544391
118.421966	28.537982
118.423545	28.532943
118.428504	28.525620
118.431390	28.520583
118.430870	28.518748
118.427240	28.516221
118.424903	28.513921
118.422050	28.511166
118.419196	28.508408
118.416603	28.505192
118.415306	28.503353
118.414795	28.501290
118.415322	28.499228
118.416635	28.496942
118.420281	28.493967
118.426528	28.490546
118.431741	28.488955
118.435905	28.487132
118.441635	28.484851
118.452050	28.479832
118.459587	28.479392
118.463494	28.477795
118.466103	28.475739
118.467407	28.473448
118.468200	28.469783
118.468209	28.464512
118.466156	28.456254
118.462012	28.449599
118.458382	28.445465
118.454758	28.440875
118.452682	28.437431
118.449318	28.432383
118.446473	28.428707
118.443627	28.424802
118.441040	28.419298
118.439492	28.414480
118.438988	28.408978
118.439788	28.403709
118.440575	28.400044
118.441888	28.395463
118.443978	28.391803
118.445808	28.388596
118.449447	28.386310
118.452577	28.382652
118.455184	28.378762
118.457276	28.374411
118.458329	28.369369
118.458856	28.365935
118.460953	28.359063
118.463042	28.355400
118.466689	28.350366
118.469032	28.348766
118.473975	28.345338
118.477355	28.343282
118.479958	28.340078
118.481011	28.335727
118.479721	28.330683
118.472740	28.320124
118.467820	28.315990
118.464187	28.313460
118.456939	28.305421
118.449165	28.302194
118.443458	28.298976
118.437500	28.295981
118.432570	28.294135
118.429459	28.293898
118.424270	28.292282
118.416236	28.289741
118.406388	28.285360
118.398614	28.282133
118.388230	28.280959
118.381233	28.278418
118.373978	28.275875
118.370355	28.273114
118.367248	28.270354
118.361817	28.265297
118.357163	28.261846
118.353279	28.258856
118.347848	28.254255
118.344482	28.251492
118.340347	28.247353
118.336730	28.243449
118.332076	28.239766
118.329743	28.239071
118.323792	28.236530
118.319648	28.234456
118.316804	28.231466
118.315003	28.228250
118.313720	28.224810
118.312430	28.221597
118.312966	28.219078
118.316346	28.217483
118.319199	28.216348
118.322060	28.214295
118.324920	28.212697
118.327530	28.209727
118.329093	28.207669
118.331185	28.202865
118.332496	28.198972
118.335099	28.196918
118.339256	28.195325
118.344956	28.195574
118.351173	28.196508
118.356880	28.196757
118.359994	28.196536
118.362847	28.196317
118.365448	28.194717
118.367784	28.193121
118.369087	28.190833
118.368844	28.187396
118.369637	28.182127
118.367852	28.174328
118.366829	28.171119
118.365021	28.167905
118.363738	28.165377
118.359344	28.161241
118.355987	28.158251
118.353927	28.154577
118.354202	28.150226
118.354736	28.146328
118.357605	28.140380
118.360215	28.135803
118.359451	28.131446
118.356880	28.127316
118.355340	28.123872
118.352769	28.118363
118.350198	28.112397
118.347878	28.108495
118.345307	28.103902
118.343240	28.101833
118.341950	28.100226
118.339112	28.097924
118.336785	28.096085
118.333419	28.095843
118.329788	28.096520
118.323571	28.097876
118.318641	28.098777
118.313203	28.099444
118.308013	28.099889
118.299745	28.096192
118.292488	28.095021
118.283690	28.094075
118.277993	28.092678
118.273856	28.091976
118.268165	28.089892
118.263764	28.088730
118.260658	28.088489
118.258317	28.090314
118.253914	28.090756
118.250543	28.091659
118.245880	28.090955
118.241485	28.088646
118.236068	28.084500
118.232720	28.080589
118.230149	28.077601
118.228339	28.075532
118.226799	28.073690
118.222664	28.071384
118.217750	28.070217
118.212319	28.069050
118.207923	28.067885
118.204819	28.066725
118.200418	28.067165
118.194740	28.063017
118.186982	28.061153
118.181809	28.059753
118.174301	28.059261
118.168334	28.060154
118.162117	28.061269
118.156670	28.062620
118.153556	28.064211
118.149666	28.065337
118.146293	28.066240
118.142411	28.066224
118.138528	28.064829
118.131547	28.063192
118.125343	28.061100
118.120698	28.058787
118.117614	28.054874
118.115563	28.050741
118.114556	28.046379
118.114838	28.043172
118.114861	28.038591
118.116441	28.034473
118.117751	28.031499
118.117774	28.028062
118.114677	28.026213
118.111579	28.024365
118.108231	28.021828
118.104614	28.020894
118.100997	28.019732
118.095573	28.017639
118.090682	28.013949
118.088111	28.011187
118.087539	28.000001
118.085923	27.992594
118.087623	27.981953
118.091270	27.973520
118.089310	27.966726
118.081016	27.966653
118.071090	27.969641
118.061418	27.981340
118.050316	27.982085
118.041772	27.982251
118.036865	27.986839
118.029298	27.990404
118.024430	27.991318
118.016717	27.988001
118.007965	27.984503
117.999450	27.985125
117.991410	27.987167
117.986694	27.984104
117.974412	27.969062
117.970343	27.966033
117.962013	27.965269
117.952637	27.968911
117.944106	27.973663
117.937699	27.974874
117.928207	27.972093
117.923644	27.969319
117.916695	27.965732
117.913835	27.961042
117.906022	27.955888
117.892502	27.950535
117.882538	27.948461
117.874955	27.947196
117.866547	27.945053
117.862878	27.944299
117.857811	27.946364
117.851822	27.950307
117.846459	27.947105
117.842033	27.942255
117.838363	27.936912
117.827660	27.930966
117.819405	27.926978
117.809250	27.921462
117.801667	27.911015
117.794868	27.905351
117.784165	27.899172
117.782531	27.893278
117.779359	27.873906
117.777535	27.859985
117.777214	27.849669
117.766830	27.840035
117.757857	27.832400
117.752647	27.827122
117.746528	27.819589
117.743599	27.813520
117.735465	27.806995
117.727433	27.806664
117.718567	27.810042
117.713029	27.812811
117.708001	27.815327
117.703773	27.823090
117.700959	27.832856
117.691521	27.835336
117.685417	27.832621
117.676513	27.830716
117.673087	27.832145
117.669983	27.833740
117.664787	27.837626
117.659850	27.842889
117.654145	27.847689
117.648949	27.852261
117.644805	27.854770
117.633401	27.860007
117.627434	27.863198
117.619926	27.866615
117.613709	27.868659
117.609825	27.869559
117.604134	27.869769
117.598938	27.873881
117.593972	27.884417
117.594443	27.891765
117.592850	27.899562
117.589204	27.905057
117.586854	27.908261
117.582938	27.914442
117.582116	27.923620
117.580003	27.930957
117.576600	27.937829
117.571930	27.941024
117.568040	27.942845
117.562859	27.943971
117.558189	27.946015
117.554786	27.952889
117.555778	27.959546
117.552628	27.967109
117.550018	27.971459
117.544562	27.974418
117.537818	27.977144
117.529527	27.979632
117.524551	27.988790
117.517548	27.991974
117.512139	27.987359
117.508545	27.982983
117.502143	27.971706
117.498314	27.963195
117.493446	27.955371
117.486763	27.948912
117.480582	27.944292
117.471824	27.938742
117.464836	27.938708
117.458602	27.942811
117.451614	27.943004
117.442573	27.941354
117.438790	27.937594
117.427545	27.930724
117.418724	27.915949
117.415292	27.909898
117.409004	27.903737
117.402335	27.900113
117.391258	27.896218
117.378402	27.893087
117.372109	27.891514
117.365775	27.889253
117.357208	27.883875
117.351966	27.872846
117.345063	27.864646
117.337357	27.860833
117.332404	27.865170
117.327994	27.874763
117.327766	27.885101
117.324890	27.894400
117.320466	27.903762
117.312767	27.900182
117.305435	27.893600
117.294037	27.883514
117.281684	27.875073
117.277694	27.868123
117.278229	27.858462
117.281119	27.854442
117.291327	27.841856
117.295266	27.838023
117.296173	27.830639
117.296378	27.824665
117.293000	27.814475
117.293807	27.805263
117.294762	27.798797
117.296959	27.791360
117.295318	27.784773
117.295006	27.778818
117.288474	27.772662
117.280579	27.770004
117.272561	27.765056
117.269188	27.759915
117.266838	27.754504
117.262116	27.743222
117.256302	27.735888
117.247702	27.729584
117.240058	27.726685
117.230652	27.724775
117.219361	27.721333
117.205055	27.719624
117.198136	27.715775
117.195052	27.711080
117.197051	27.699750
117.198501	27.692806
117.198279	27.688455
117.188149	27.687488
117.180215	27.688958
117.171867	27.687461
117.168158	27.687568
117.162360	27.688897
117.154709	27.690588
117.149100	27.691828
117.136841	27.694617
117.127601	27.695907
117.122856	27.694032
117.113411	27.691199
117.101562	27.686855
117.095917	27.677440
117.097817	27.669103
117.101243	27.660241
117.102599	27.656517
117.106599	27.653832
117.104119	27.645668
117.100593	27.637315
117.094574	27.630672
117.085786	27.635615
117.073007	27.653568
117.068619	27.658792
117.064271	27.664704
117.060189	27.670835
117.052918	27.675254
117.041024	27.675037
117.032288	27.670794
117.025908	27.667373
117.020318	27.663924
117.012313	27.653682
117.006577	27.642202
117.004234	27.636787
117.003577	27.628780
117.006652	27.623151
117.009749	27.612698
117.017555	27.603669
117.025765	27.597376
117.022599	27.590846
117.018784	27.586864
117.016243	27.577326
117.015411	27.565883
117.019249	27.559991
117.025756	27.556060
117.030036	27.553828
117.039146	27.550252
117.051239	27.549541
117.059571	27.556096
117.062691	27.561710
117.067345	27.567034
117.074944	27.569256
117.082985	27.559754
117.087060	27.553621
117.091126	27.547260
117.095130	27.539755
117.098007	27.530230
117.098725	27.518953
117.097961	27.514162
117.099969	27.507886
117.102280	27.502511
117.107438	27.497486
117.106505	27.494309
117.101425	27.490840
117.100122	27.485384
117.101585	27.478669
117.104454	27.469140
117.107451	27.462134
117.115501	27.453086
117.120584	27.446456
117.121559	27.440446
117.124160	27.430703
117.125869	27.423747
117.126288	27.416841
117.122466	27.412634
117.118378	27.408210
117.110077	27.402115
117.101815	27.396707
117.098519	27.392709
117.097396	27.385867
117.095108	27.381366
117.094376	27.371985
117.095153	27.361852
117.096885	27.350306
117.098832	27.342881
117.098763	27.336456
117.102927	27.332157
117.111504	27.328597
117.124260	27.326248
117.128930	27.326749
117.135398	27.322353
117.134605	27.316876
117.134712	27.308835
117.139359	27.309106
117.147033	27.308108
117.155480	27.307075
117.161706	27.302921
117.164557	27.298212
117.162454	27.277178
117.160446	27.273125
117.155892	27.269641
117.148148	27.264214
117.143829	27.255205
117.140228	27.245252
117.138397	27.239583
117.132522	27.235460
117.126418	27.231805
117.120360	27.224015
117.110909	27.215213
117.101722	27.211680
117.092910	27.210426
117.089401	27.207124
117.084106	27.199072
117.077109	27.187874
117.070434	27.183090
117.063836	27.179681
117.058990	27.175512
117.047715	27.155759
117.040244	27.145268
117.041427	27.138103
117.043328	27.129763
117.046883	27.118600
117.048233	27.109593
117.042175	27.101568
117.039529	27.100066
117.034248	27.097292
117.027351	27.092976
117.015358	27.089550
117.007080	27.088502
116.999443	27.084901
116.995263	27.083458
116.981782	27.075955
116.975945	27.072283
116.969352	27.068869
116.962747	27.065225
116.953582	27.056633
116.945067	27.045488
116.942048	27.041474
116.940163	27.034429
116.935349	27.025434
116.931625	27.022826
116.922967	27.034874
116.914108	27.037515
116.905395	27.038085
116.898949	27.037647
116.889632	27.036173
116.875465	27.030065
116.870323	27.024754
116.862900	27.019991
116.856231	27.014968
116.846627	27.012814
116.834960	27.016018
116.826377	27.019102
116.818206	27.020105
116.812896	27.021915
116.803987	27.018127
116.794624	27.015804
116.786727	27.014995
116.777421	27.012946
116.769150	27.009391
116.760148	27.003725
116.755539	26.993339
116.752449	26.987718
116.744843	26.989843
116.740394	26.993455
116.729263	26.997090
116.719460	26.996085
116.711777	26.996600
116.705827	26.995677
116.700111	26.994285
116.690155	26.990068
116.680886	26.983985
116.674621	26.981925
116.668503	26.977332
116.664191	26.972904
116.654610	26.965686
116.648582	26.957643
116.644532	26.953205
116.638603	26.947225
116.635673	26.945037
116.628395	26.937505
116.621811	26.928336
116.617180	26.922537
116.613832	26.916694
116.609178	26.910437
116.597565	26.892271
116.592430	26.886721
116.586129	26.883510
116.570015	26.867802
116.564383	26.862498
116.556267	26.858893
116.552764	26.855346
116.544022	26.843499
116.540840	26.830071
116.539536	26.823922
116.539643	26.814962
116.539039	26.807409
116.543076	26.794635
116.548233	26.784114
116.553314	26.777500
116.554016	26.770357
116.551675	26.764014
116.545617	26.754823
116.534379	26.744443
116.533180	26.740585
116.526276	26.735327
116.517395	26.731519
116.510407	26.724424
116.507271	26.711681
116.509445	26.703107
116.511596	26.694075
116.515175	26.688206
116.525191	26.677510
116.532311	26.670821
116.535675	26.665877
116.540414	26.663179
116.545922	26.654712
116.556655	26.654317
116.561493	26.653681
116.564201	26.645775
116.560792	26.638322
116.560723	26.631209
116.557327	26.624217
116.554421	26.599757
116.552666	26.594998
116.551354	26.588617
116.548630	26.579304
116.541168	26.572920
116.535087	26.568551
116.545464	26.560365
116.556144	26.553315
116.562492	26.546651
116.572235	26.535962
116.575569	26.530558
116.579818	26.522823
116.582528	26.514916
116.585898	26.504920
116.590575	26.495332
116.593620	26.489251
116.597299	26.485670
116.602349	26.484335
116.612824	26.484175
116.623329	26.484704
116.629715	26.484467
116.633491	26.477666
116.632172	26.471287
116.624726	26.459624
116.618285	26.447463
116.613198	26.442371
116.604524	26.437184
116.597839	26.430773
116.596900	26.421392
116.603188	26.408070
116.604729	26.402733
116.603302	26.393830
116.601670	26.386086
116.595993	26.379408
116.585709	26.372441
116.576873	26.369093
116.572593	26.370399
116.566886	26.374054
116.556983	26.381076
116.549172	26.388942
116.544838	26.394842
116.542075	26.401602
116.536888	26.405465
116.527726	26.406259
116.517755	26.406165
116.512825	26.404508
116.508271	26.399852
116.503312	26.391768
116.491349	26.370159
116.486815	26.365961
116.481072	26.363185
116.474403	26.356767
116.459138	26.346757
116.451318	26.343138
116.448097	26.339580
116.444542	26.334427
116.432679	26.314418
116.427558	26.308404
116.422683	26.302150
116.419221	26.293088
116.417762	26.289008
116.415070	26.285891
116.404596	26.279837
116.399322	26.276122
116.394540	26.271703
116.393182	26.264173
116.393738	26.259332
116.393357	26.256588
116.390166	26.253718
116.387254	26.251296
116.385025	26.247013
116.383744	26.241090
116.386734	26.233634
116.393685	26.229256
116.401665	26.225065
116.403855	26.216951
116.399780	26.211356
116.394235	26.201221
116.392288	26.191878
116.390991	26.185495
116.396315	26.179104
116.404343	26.176061
116.410911	26.174678
116.416497	26.168280
116.423592	26.167334
116.428116	26.171535
116.433297	26.173415
116.435897	26.174470
116.442390	26.177221
116.448822	26.178365
116.456291	26.180161
116.462342	26.178566
116.471413	26.164691
116.475709	26.158106
116.479233	26.151319
116.481637	26.142506
116.485108	26.134572
116.487075	26.127381
116.482911	26.113987
116.478424	26.110475
116.470298	26.105490
116.462693	26.100713
116.441695	26.087006
116.433427	26.084319
116.425828	26.079770
116.420356	26.076983
116.412575	26.068078
116.407485	26.056780
116.402756	26.053505
116.393943	26.049918
116.385232	26.043110
116.372779	26.026333
116.368430	26.020059
116.362106	26.015232
116.357536	26.003914
116.358117	25.993792
116.360367	25.981309
116.363815	25.972692
116.361312	25.967958
116.352508	25.964598
116.335930	25.963808
116.330528	25.962390
116.323005	25.959213
116.319290	25.955671
116.311584	25.948136
116.301551	25.939765
116.296081	25.930999
116.292487	25.924467
116.286019	25.921940
116.276230	25.919068
116.267540	25.918225
116.255615	25.913129
116.248299	25.908564
116.241836	25.906262
116.233444	25.906323
116.224883	25.908457
116.210213	25.910344
116.202461	25.907625
116.194771	25.906282
116.185486	25.903158
116.174056	25.897578
116.165893	25.890971
116.161125	25.886543
116.155602	25.882139
116.141868	25.876179
116.132462	25.870069
116.125748	25.861575
116.123756	25.856590
116.123193	25.849030
116.126220	25.836299
116.135284	25.828185
116.143906	25.821462
116.149834	25.817357
116.153123	25.810816
116.157943	25.804681
116.165528	25.797536
116.169350	25.791892
116.171921	25.786523
116.174339	25.777486
116.172500	25.769972
116.169343	25.761354
116.167267	25.754309
116.161453	25.754966
116.157562	25.759232
116.150429	25.764757
116.141419	25.768050
116.132011	25.767911
116.121871	25.762517
116.116112	25.752379
116.111031	25.746123
116.108237	25.740019
116.106368	25.731814
116.102074	25.720022
116.101341	25.708567
116.095574	25.704168
116.087372	25.702379
116.080826	25.703749
116.062912	25.706648
116.061187	25.701652
116.058365	25.694860
116.050819	25.690521
116.052606	25.678293
116.054443	25.661239
116.060906	25.651609
116.064729	25.645743
116.058167	25.640451
116.048966	25.638921
116.043678	25.633821
116.040214	25.617404
116.037926	25.611052
116.045807	25.605277
116.051423	25.599807
116.054260	25.588692
116.053071	25.578171
116.055054	25.570757
116.052733	25.563717
116.050126	25.555769
116.042853	25.551649
116.031875	25.549951
116.030717	25.540116
116.029593	25.531198
116.027786	25.524142
116.022667	25.516735
116.015579	25.504573
116.013329	25.492938
116.008309	25.487826
116.004058	25.483145
115.996514	25.478345
115.989624	25.470995
115.987571	25.463945
115.991188	25.459462
115.995896	25.456784
116.005394	25.453482
116.011818	25.449366
116.014861	25.443294
116.015358	25.430652
116.011155	25.426887
116.005936	25.423156
115.998939	25.419256
115.996010	25.415680
116.000817	25.409321
116.001565	25.402869
116.000268	25.395795
115.997018	25.390621
115.991051	25.387143
115.988052	25.381735
115.990616	25.357542
115.991119	25.351096
115.995094	25.342928
115.999826	25.334737
116.007041	25.325312
116.004372	25.321957
115.997544	25.315984
115.995826	25.310990
115.989494	25.304543
115.981643	25.298143
115.973686	25.295421
115.969682	25.290273
115.964631	25.284242
115.959159	25.280290
115.951469	25.277788
115.943581	25.270472
115.933295	25.260017
115.927780	25.248489
115.922898	25.240155
115.911887	25.236841
115.902030	25.237164
115.892982	25.232175
115.882325	25.224946
115.873908	25.223152
115.867927	25.225413
115.860497	25.222899
115.853728	25.218065
115.851509	25.213085
115.853143	25.203162
115.855926	25.196644
115.848281	25.188626
115.851281	25.181410
115.849870	25.177554
115.853188	25.165508
115.858597	25.155232
115.863946	25.149778
115.871200	25.147936
115.879562	25.141926
115.877983	25.133942
115.870888	25.127055
115.867706	25.123256
115.869286	25.118380
115.873306	25.111365
115.877602	25.105027
115.881317	25.096640
115.885780	25.094429
115.894318	25.093232
115.904136	25.085796
115.907707	25.080399
115.909683	25.072757
115.914910	25.064550
115.923684	25.056459
115.926376	25.054305
115.925423	25.049284
115.918176	25.044928
115.909303	25.044074
115.901237	25.044566
115.891120	25.037779
115.881042	25.031906
115.873596	25.028706
115.868285	25.022219
115.869552	25.015749
115.871291	25.002147
115.880340	24.994737
115.886131	24.994320
115.893586	24.991321
115.899475	24.986997
115.900375	24.978013
115.896622	24.972397
115.892007	24.970483
115.884727	24.971636
115.877860	24.976680
115.871864	24.978255
115.865113	24.973421
115.861993	24.964568
115.862236	24.957902
115.866881	24.954080
115.873871	24.952245
115.878013	24.948439
115.880554	24.942386
115.877265	24.935835
115.872894	24.933682
115.870751	24.930536
115.870781	24.924798
115.871285	24.918352
115.874398	24.907690
115.879364	24.899264
115.885438	24.893327
115.893281	24.887561
115.895676	24.878071
115.888841	24.870946
115.879966	24.869631
115.875428	24.869777
115.870681	24.870850
115.864197	24.872667
115.857300	24.877025
115.857147	24.885982
115.851096	24.892377
115.842278	24.899089
115.832405	24.904689
115.825631	24.905594
115.811897	24.902820
115.805741	24.893605
115.799508	24.882326
115.798842	24.878214
115.800843	24.871263
115.799651	24.860054
115.794006	24.857476
115.790138	24.855304
115.784538	24.853878
115.781585	24.849151
115.780883	24.844123
115.782852	24.836253
115.782761	24.827303
115.779595	24.823504
115.775445	24.820650
115.771600	24.818936
115.770469	24.815757
115.767739	24.810107
115.766023	24.804881
115.761711	24.797672
115.760872	24.788745
115.762276	24.779519
115.761772	24.772877
115.759933	24.764212
115.757218	24.759248
115.753998	24.754070
115.751687	24.746339
115.751496	24.741293
115.754577	24.736144
115.759384	24.730253
115.763748	24.725754
115.765266	24.719279
115.767707	24.710707
115.774756	24.704054
115.783479	24.701709
115.789794	24.702199
115.795601	24.696043
115.797821	24.688396
115.795640	24.684105
115.789596	24.684068
115.783593	24.684950
115.776580	24.686090
115.769585	24.680802
115.764405	24.677067
115.762549	24.674601
115.761337	24.669357
115.762198	24.665427
115.769074	24.660849
115.775178	24.656062
115.778038	24.651839
115.779770	24.644439
115.779907	24.635024
115.782120	24.633576
115.784311	24.631669
115.789345	24.625080
115.793967	24.621030
115.797561	24.616323
115.806853	24.609370
115.820252	24.604347
115.827033	24.597703
115.828911	24.594198
115.832268	24.589956
115.836799	24.583383
115.835160	24.573567
115.831573	24.565417
115.821709	24.564129
115.813132	24.563486
115.806831	24.563001
115.800561	24.563431
115.791488	24.563033
115.782884	24.561702
115.776040	24.560311
115.767128	24.557383
115.760712	24.554142
115.747894	24.547662
115.740966	24.544212
115.732827	24.541711
115.726981	24.540059
115.721596	24.537246
115.713165	24.540497
115.709031	24.544070
115.707390	24.547334
115.705781	24.551286
115.701257	24.558087
115.694604	24.561738
115.687461	24.565863
115.683602	24.570116
115.679826	24.576890
115.677109	24.584780
115.674317	24.590836
115.670073	24.598542
115.662163	24.602229
115.649803	24.608123
115.639458	24.614183
115.631080	24.619031
115.621345	24.621169
115.614761	24.619993
115.607757	24.621128
115.599388	24.619318
115.591781	24.617714
115.579956	24.617846
115.572472	24.619453
115.567041	24.622372
115.561675	24.627124
115.558890	24.633408
115.555016	24.645783
115.553306	24.652858
115.552094	24.660928
115.551109	24.668534
115.547889	24.676896
115.545058	24.682031
115.538674	24.686585
115.528610	24.693773
115.523536	24.699665
115.520913	24.703646
115.514260	24.714634
115.503991	24.723208
115.498413	24.729113
115.493354	24.735461
115.490746	24.739900
115.473548	24.759234
115.466424	24.764267
115.456183	24.766637
115.451110	24.765639
115.443124	24.767710
115.434899	24.770249
115.426010	24.775330
115.418564	24.778532
115.410835	24.780825
115.403198	24.778753
115.394806	24.776471
115.385865	24.773062
115.377708	24.770313
115.372231	24.772079
115.367226	24.773142
115.364760	24.774591
115.363197	24.773260
115.361702	24.766416
115.358315	24.755955
115.357032	24.748187
115.359101	24.742389
115.353470	24.739800
115.346976	24.741364
115.339820	24.745701
115.332305	24.746836
115.325516	24.747260
115.314729	24.748486
115.308593	24.753252
115.302421	24.756873
115.294372	24.757101
115.286292	24.756641
115.279411	24.754314
115.268943	24.750248
115.265258	24.745532
115.261016	24.739226
115.260116	24.735119
115.257285	24.733362
115.252160	24.730524
115.247064	24.728831
115.239791	24.729724
115.232436	24.728322
115.227616	24.727310
115.216507	24.726474
115.211174	24.725015
115.206032	24.721945
115.203712	24.720405
115.198867	24.718472
115.194992	24.715598
115.189256	24.709788
115.183799	24.704660
115.180861	24.699692
115.178329	24.697962
115.175986	24.694609
115.172935	24.693782
115.168654	24.693757
115.163613	24.695336
115.158852	24.693016
115.152352	24.687243
115.142777	24.688105
115.133483	24.685985
115.126465	24.682733
115.118165	24.674874
115.113761	24.664760
115.107934	24.663372
115.104706	24.664707
115.103150	24.670435
115.096078	24.674751
115.095269	24.681169
115.089714	24.683433
115.081277	24.700818
115.065628	24.705768
115.063812	24.705941
115.060441	24.705041
115.053298	24.702247
115.046181	24.700141
115.036752	24.696494
115.031289	24.691129
115.026673	24.688499
115.022988	24.683319
115.020011	24.676971
115.018448	24.675177
115.015556	24.671351
115.009277	24.671978
114.999588	24.675905
114.987479	24.675077
114.982697	24.674975
114.978577	24.672098
114.969132	24.667987
114.958657	24.662982
114.950227	24.659069
114.945001	24.652780
114.939125	24.650178
114.933824	24.649628
114.932160	24.652655
114.932349	24.658845
114.928978	24.663524
114.918961	24.665161
114.913934	24.665521
114.905799	24.662975
114.902657	24.658925
114.898727	24.645713
114.895812	24.641200
114.893800	24.632988
114.894782	24.624011
114.891915	24.604579
114.890700	24.597954
114.887450	24.590234
114.884423	24.581822
114.880446	24.575267
114.871827	24.564701
114.864907	24.560516
114.855934	24.563270
114.852142	24.570711
114.846382	24.579807
114.839577	24.587554
114.831094	24.589833
114.823197	24.586590
114.817025	24.590419
114.798737	24.600973
114.794281	24.603608
114.787141	24.608608
114.779595	24.608565
114.772994	24.606664
114.767121	24.603597
114.760871	24.605128
114.754684	24.608497
114.747231	24.611665
114.741004	24.613652
114.732888	24.611558
114.725021	24.609224
114.723191	24.606746
114.724000	24.600071
114.725410	24.596823
114.725898	24.587631
114.727981	24.581614
114.729919	24.579044
114.733451	24.571151
114.732544	24.565895
114.730666	24.561811
114.724266	24.558066
114.720672	24.555400
114.710708	24.550137
114.708221	24.542623
114.706443	24.533258
114.704581	24.529862
114.699547	24.529525
114.696807	24.530509
114.694161	24.534475
114.685402	24.535838
114.680160	24.537110
114.676286	24.542254
114.673667	24.547366
114.672523	24.551295
114.668067	24.562417
114.667725	24.567935
114.664924	24.575344
114.659997	24.578905
114.653686	24.578139
114.647605	24.576448
114.640494	24.574096
114.634163	24.572639
114.628593	24.571167
114.622001	24.569257
114.614104	24.566005
114.608238	24.562930
114.601334	24.558962
114.597710	24.555147
114.595536	24.549460
114.594825	24.542363
114.591438	24.538083
114.587327	24.534967
114.582046	24.534862
114.578331	24.536786
114.569390	24.540667
114.560508	24.537664
114.551392	24.535350
114.543212	24.539671
114.537537	24.543473
114.532935	24.549549
114.527527	24.554032
114.521394	24.550504
114.514985	24.546062
114.507071	24.541885
114.494828	24.535282
114.487968	24.532684
114.480583	24.529411
114.474685	24.524955
114.468292	24.520971
114.462874	24.516044
114.460190	24.509680
114.454506	24.504071
114.445838	24.499449
114.433617	24.493758
114.426155	24.487042
114.417458	24.490679
114.414345	24.496484
114.406837	24.497799
114.400581	24.498629
114.398101	24.500060
114.396919	24.502841
114.396622	24.510419
114.397828	24.517965
114.397773	24.525308
114.394172	24.531585
114.389992	24.535120
114.386024	24.537044
114.384857	24.540512
114.383002	24.546290
114.383392	24.551559
114.380600	24.560113
114.372628	24.565882
114.367386	24.573713
114.357818	24.582872
114.352165	24.587816
114.341392	24.589199
114.333800	24.587529
114.322259	24.578829
114.311585	24.574702
114.303230	24.572587
114.295846	24.578713
114.293204	24.583358
114.289665	24.592383
114.288001	24.596322
114.285943	24.604169
114.285202	24.614281
114.284097	24.620271
114.278686	24.625205
114.274743	24.628273
114.269982	24.629064
114.262397	24.627619
114.258416	24.629308
114.250076	24.637517
114.241890	24.642280
114.235893	24.643785
114.229179	24.646907
114.220664	24.648464
114.212639	24.649549
114.203605	24.650656
114.194787	24.649922
114.187049	24.652607
114.185677	24.657913
114.180503	24.662380
114.177253	24.663365
114.173798	24.666189
114.169449	24.673165
114.173814	24.676746
114.183197	24.679535
114.186798	24.682674
114.193399	24.685060
114.198693	24.685409
114.206039	24.687323
114.211846	24.687888
114.220901	24.687701
114.228447	24.687542
114.236641	24.692875
114.240495	24.696006
114.245071	24.697745
114.251877	24.698060
114.262244	24.700136
114.269638	24.703651
114.276330	24.709246
114.278283	24.716776
114.279671	24.721795
114.280753	24.724756
114.284881	24.728569
114.292580	24.734141
114.299155	24.735376
114.310318	24.738348
114.318717	24.741838
114.326439	24.748096
114.331131	24.754193
114.335380	24.762591
114.340095	24.769602
114.343085	24.777798
114.343361	24.788350
114.341018	24.795055
114.335655	24.801827
114.328987	24.807021
114.335204	24.813542
114.344872	24.817001
114.347983	24.820377
114.353020	24.829676
114.356247	24.837409
114.359466	24.844681
114.362656	24.851036
114.366798	24.855079
114.376846	24.863345
114.385306	24.868669
114.391234	24.873355
114.395385	24.877854
114.394286	24.883846
114.389060	24.895666
114.383469	24.903592
114.380899	24.910993
114.382125	24.919458
114.387184	24.929214
114.389099	24.934910
114.390763	24.940610
114.389915	24.946595
114.390320	24.952095
114.394676	24.954752
114.398765	24.956728
114.404884	24.959117
114.411134	24.966321
114.421342	24.970683
114.427215	24.973079
114.434898	24.977496
114.441521	24.979643
114.445984	24.985967
114.450455	24.992524
114.456864	24.996280
114.461730	24.998924
114.469628	25.001730
114.477707	25.001775
114.485718	24.999298
114.488761	24.999918
114.494094	25.001174
114.498946	25.003129
114.501282	25.005597
114.504510	25.012640
114.507409	25.017162
114.510360	25.023293
114.514953	25.025250
114.520471	25.023748
114.528771	25.022869
114.533692	25.027345
114.533357	25.033321
114.533256	25.038832
114.535782	25.047723
114.540718	25.052659
114.546166	25.058043
114.550949	25.066421
114.552636	25.072351
114.554031	25.077137
114.555451	25.082842
114.557548	25.085550
114.561356	25.086147
114.567177	25.086700
114.572929	25.084729
114.577583	25.079574
114.583717	25.073233
114.589959	25.070792
114.594025	25.071613
114.599381	25.073322
114.607230	25.074286
114.615365	25.075929
114.626191	25.074983
114.634300	25.075938
114.643692	25.077552
114.648590	25.080877
114.651986	25.084930
114.658851	25.086600
114.663719	25.088779
114.664603	25.093119
114.665054	25.099992
114.665902	25.102958
114.667306	25.107741
114.669679	25.111358
114.676566	25.113487
114.684128	25.113075
114.691604	25.109681
114.696632	25.108642
114.702172	25.108047
114.705735	25.108881
114.710870	25.111739
114.716554	25.115960
114.725761	25.119869
114.728936	25.124612
114.731598	25.129366
114.729713	25.133771
114.726363	25.140053
114.723282	25.147013
114.719430	25.153532
114.713333	25.161025
114.706863	25.164396
114.695114	25.168811
114.686775	25.168786
114.677040	25.172920
114.686387	25.181417
114.686355	25.188993
114.689521	25.193505
114.693687	25.197537
114.696602	25.202287
114.699287	25.207502
114.695526	25.217231
114.701224	25.221915
114.708679	25.225865
114.716057	25.227294
114.723747	25.231006
114.732002	25.236312
114.737251	25.242842
114.739304	25.252202
114.738228	25.258654
114.734734	25.268610
114.732284	25.279916
114.723083	25.285418
114.716882	25.289473
114.715553	25.295932
114.714906	25.299620
114.713219	25.302416
114.711305	25.306136
114.708602	25.308955
114.703385	25.312066
114.697265	25.319327
114.688377	25.318165
114.679650	25.313784
114.672111	25.315801
114.670388	25.317221
114.665695	25.321235
114.660446	25.323655
114.656936	25.324658
114.648645	25.326693
114.640273	25.326203
114.634728	25.326794
114.626701	25.329278
114.622551	25.334657
114.620171	25.339762
114.615745	25.344229
114.613617	25.349555
114.608748	25.356327
114.605820	25.360069
114.604340	25.361480
114.595666	25.367882
114.592933	25.369781
114.585396	25.371793
114.581802	25.378995
114.585052	25.386491
114.577216	25.386906
114.572120	25.385648
114.568360	25.386881
114.567450	25.390803
114.567551	25.394245
114.564902	25.399127
114.561463	25.402648
114.554840	25.410377
114.551850	25.412052
114.543633	25.417063
114.539376	25.418768
114.529747	25.418529
114.522690	25.410657
114.518226	25.405023
114.511550	25.401962
114.502602	25.398726
114.502212	25.393914
114.500815	25.389126
114.498420	25.385048
114.491981	25.381065
114.485335	25.378690
114.476914	25.376356
114.470375	25.377883
114.461844	25.380830
114.453049	25.383091
114.447030	25.385292
114.440247	25.387050
114.432785	25.382856
114.430192	25.380390
114.425941	25.373140
114.427521	25.365990
114.426582	25.359353
114.426926	25.353380
114.423149	25.344972
114.415382	25.338490
114.407744	25.336822
114.398209	25.339787
114.394409	25.330461
114.388939	25.324615
114.385765	25.319407
114.381920	25.317654
114.371568	25.318340
114.363876	25.324015
114.357407	25.328289
114.350609	25.329586
114.341499	25.329782
114.332360	25.328375
114.323761	25.328788
114.314430	25.329909
114.299073	25.332993
114.297104	25.325460
114.298043	25.322684
114.301156	25.315963
114.305015	25.308536
114.304069	25.301443
114.291228	25.295435
114.274415	25.295207
114.254561	25.292700
114.230088	25.290590
114.211778	25.293874
114.195495	25.298678
114.182160	25.304921
114.166642	25.309602
114.160392	25.312713
114.155419	25.316029
114.148078	25.315947
114.136833	25.311587
114.127700	25.310626
114.118126	25.312196
114.112182	25.307264
114.106010	25.303029
114.099327	25.298801
114.092889	25.293883
114.087432	25.288251
114.082336	25.286519
114.076974	25.284559
114.072860	25.281888
114.064149	25.277241
114.058266	25.274604
114.055436	25.272363
114.049027	25.269047
114.043899	25.266164
114.038468	25.260993
114.032562	25.257437
114.028458	25.254762
114.023940	25.256227
114.017967	25.260245
114.014580	25.266966
114.013222	25.273421
114.012565	25.278023
114.011986	25.285377
114.012809	25.288342
114.015191	25.292657
114.018350	25.297648
114.022874	25.307198
114.025773	25.312189
114.028419	25.316957
114.029023	25.320847
114.028640	25.326133
114.025704	25.330320
114.022477	25.333137
114.021812	25.337052
114.025985	25.342249
114.031913	25.346723
114.034860	25.353551
114.034974	25.358136
114.034333	25.363198
114.031434	25.368994
114.024781	25.376695
114.021087	25.381131
114.016387	25.385582
114.009643	25.389614
114.004189	25.394539
114.000000	25.400000
113.994271	25.397287
113.988213	25.398530
113.982902	25.399072
113.980400	25.400490
113.977929	25.403744
113.976990	25.407664
113.977601	25.412938
113.983787	25.418123
113.989730	25.424001
113.991859	25.429024
113.991944	25.432926
113.991745	25.435686
113.989555	25.440543
113.986077	25.443814
113.980302	25.446660
113.975005	25.448121
113.968712	25.450284
113.962684	25.453366
113.959213	25.457322
113.960029	25.460296
113.960587	25.462585
113.959648	25.466505
113.957168	25.469299
113.951630	25.471681
113.945540	25.471546
113.940772	25.473914
113.937356	25.480859
113.939248	25.486803
113.942108	25.490203
113.946609	25.500010
113.950042	25.506850
113.951667	25.512338
113.953545	25.517364
113.954406	25.522403
113.955979	25.525136
113.958290	25.526478
113.961358	25.527809
113.966682	25.527727
113.970718	25.526284
113.973770	25.526697
113.977127	25.529630
113.981063	25.536461
113.982444	25.541951
113.984885	25.549953
113.985986	25.554302
113.985817	25.558438
113.985635	25.562117
113.984696	25.565804
113.981706	25.568838
113.979554	25.575304
113.976876	25.581319
113.975251	25.588694
113.974052	25.592388
113.973672	25.598594
113.973252	25.602966
113.971771	25.605286
113.968765	25.607401
113.963210	25.608864
113.957139	25.610106
113.950074	25.612050
113.946053	25.614409
113.944581	25.616729
113.944152	25.621101
113.942985	25.626402
113.940330	25.633333
113.937187	25.641191
113.935257	25.646732
113.932862	25.653891
113.929169	25.659919
113.926728	25.665236
113.925842	25.671682
113.922416	25.678396
113.920531	25.686004
113.917366	25.693404
113.914704	25.700105
113.912064	25.707954
113.909705	25.717408
113.909607	25.725677
113.910439	25.729339
113.914642	25.736398
113.917015	25.740956
113.922241	25.748229
113.928718	25.754332
113.938514	25.761302
113.944702	25.765803
113.948608	25.770797
113.953041	25.776470
113.956779	25.785370
113.957406	25.791562
113.958306	25.798440
113.960480	25.805298
113.961068	25.809651
113.960672	25.815172
113.960259	25.820001
113.961914	25.826638
113.964614	25.834635
113.970130	25.843278
113.978957	25.852331
113.985421	25.857513
113.994729	25.864946
114.000000	25.873317
114.002899	25.875817
114.003465	25.878101
114.007134	25.882850
114.010329	25.888756
114.014290	25.895105
114.015617	25.897373
114.016679	25.899190
114.019166	25.907401
114.021385	25.915392
114.024353	25.922448
114.025711	25.926095
114.025055	25.930468
114.024376	25.934152
114.024278	25.940351
114.023849	25.944032
114.021714	25.950270
114.019530	25.954901
114.016403	25.962306
114.014252	25.968083
114.014375	25.973132
114.015259	25.978164
114.017174	25.984092
114.018562	25.988655
114.014151	25.996085
114.010468	26.001434
114.009026	26.005133
114.006058	26.008862
114.005126	26.012321
114.006241	26.016433
114.009156	26.021194
114.014976	26.030491
114.020196	26.035899
114.023118	26.040890
114.028198	26.051119
114.032273	26.061824
114.035812	26.071166
114.040008	26.076363
114.049202	26.077331
114.054016	26.076319
114.060409	26.077571
114.062699	26.077525
114.069259	26.075102
114.074325	26.073853
114.081390	26.071189
114.093361	26.071412
114.105759	26.078510
114.112565	26.085946
114.113549	26.094648
114.105431	26.096187
114.100982	26.101554
114.102561	26.103587
114.104866	26.104232
114.110238	26.105041
114.116897	26.106513
114.123336	26.109369
114.129524	26.112460
114.137482	26.114823
114.145455	26.117875
114.154961	26.121125
114.161126	26.123065
114.168549	26.124521
114.174689	26.125542
114.184380	26.126034
114.194641	26.128808
114.205804	26.136837
114.213897	26.144475
114.220924	26.150296
114.227898	26.154052
114.223488	26.160800
114.219025	26.165709
114.215568	26.170142
114.213309	26.171567
114.213906	26.174767
114.215509	26.177488
114.220185	26.181062
114.218376	26.190051
114.213150	26.195208
114.210656	26.197326
114.205948	26.202472
114.202415	26.203921
114.198837	26.203534
114.195213	26.201314
114.187767	26.199172
114.179908	26.201168
114.174666	26.205405
114.171478	26.210519
114.167695	26.212204
114.162826	26.211155
114.156411	26.209448
114.145354	26.205772
114.138184	26.204309
114.131240	26.202155
114.120209	26.199163
114.110946	26.195675
114.101401	26.191047
114.094413	26.186826
114.090653	26.179097
114.083594	26.171893
114.078612	26.166024
114.070252	26.168025
114.063629	26.168385
114.058563	26.169632
114.054061	26.173162
114.052865	26.176168
114.051689	26.180323
114.051247	26.183086
114.049255	26.184959
114.046768	26.187532
114.040726	26.190862
114.035133	26.191432
114.029205	26.188790
114.023537	26.186149
114.017914	26.185340
114.014047	26.183576
114.010475	26.183646
114.003533	26.181707
114.000000	26.178753
113.995538	26.172034
113.988067	26.168474
113.981346	26.163986
113.976425	26.160388
113.971748	26.156096
113.968147	26.154544
113.961244	26.153500
113.955375	26.153589
113.950584	26.156189
113.945565	26.160171
113.941529	26.162760
113.938010	26.165338
113.936294	26.168809
113.939881	26.169673
113.941695	26.171255
113.943261	26.172839
113.944581	26.175115
113.944893	26.177869
113.943177	26.181568
113.941695	26.184348
113.940239	26.187815
113.940567	26.191484
113.942124	26.192838
113.946732	26.193688
113.950584	26.195008
113.956505	26.197672
113.961410	26.200585
113.963500	26.203078
113.965401	26.208790
113.966789	26.214510
113.965606	26.219121
113.964975	26.226022
113.965371	26.232907
113.965248	26.240030
113.965073	26.243938
113.967415	26.246197
113.970520	26.248216
113.976409	26.249276
113.981277	26.250117
113.986877	26.249112
113.991713	26.248577
113.995782	26.247827
114.000000	26.256257
114.005210	26.262001
114.009971	26.269253
114.012200	26.277011
114.014151	26.284088
114.015571	26.290257
114.019052	26.296844
114.021707	26.301382
114.025406	26.306590
114.031174	26.312903
114.029624	26.323031
114.027375	26.324681
114.024895	26.327941
114.020424	26.333075
114.018233	26.337479
114.017716	26.347584
114.019393	26.353977
114.021148	26.363124
114.028542	26.384089
114.034386	26.393386
114.040856	26.396932
114.045296	26.400978
114.047944	26.404827
114.052108	26.408189
114.055488	26.410646
114.059356	26.412175
114.064461	26.412305
114.073646	26.411897
114.081894	26.414947
114.081397	26.421752
114.081322	26.422759
114.079911	26.427607
114.078537	26.433642
114.077598	26.437749
114.077546	26.445781
114.078713	26.451725
114.083702	26.457364
114.087159	26.462804
114.094628	26.475736
114.094657	26.476914
114.094726	26.479635
114.091462	26.481994
114.086395	26.483699
114.083558	26.483934
114.081634	26.485766
114.080413	26.495544
114.082359	26.504877
114.087510	26.523078
114.116975	26.592797
114.106399	26.594342
114.063317	26.589941
114.052423	26.590809
114.036414	26.596028
114.027352	26.600817
114.013160	26.615807
114.003098	26.618840
113.983559	26.619485
113.978989	26.621532
113.975418	26.622277
113.969031	26.623064
113.962905	26.623848
113.958007	26.622314
113.952056	26.618959
113.948578	26.617126
113.947396	26.616504
113.940957	26.614535
113.935059	26.613936
113.929192	26.615401
113.926849	26.615859
113.925370	26.616149
113.918984	26.617163
113.914414	26.618022
113.912354	26.618410
113.906478	26.618957
113.901414	26.621790
113.898408	26.625507
113.895905	26.628533
113.891625	26.632269
113.887855	26.636000
113.885590	26.638099
113.883110	26.642270
113.881219	26.645816
113.880637	26.646901
113.878128	26.649693
113.874352	26.652964
113.874283	26.652993
113.869529	26.655099
113.868439	26.655473
113.863168	26.657260
113.860870	26.657982
113.860162	26.660749
113.859710	26.661483
113.859161	26.662372
113.858963	26.665130
113.859031	26.669034
113.859665	26.672452
113.860175	26.675217
113.862122	26.682996
113.861472	26.689667
113.860032	26.694740
113.857864	26.701890
113.857217	26.708331
113.856346	26.716150
113.855736	26.724656
113.855850	26.730625
113.855957	26.736136
113.857857	26.741850
113.857965	26.747589
113.857520	26.751270
113.856346	26.757027
113.853883	26.761886
113.851663	26.766740
113.849197	26.771827
113.849067	26.772035
113.847451	26.774610
113.846206	26.776465
113.845726	26.778309
113.843025	26.784319
113.841338	26.790085
113.837357	26.796572
113.834389	26.802587
113.834740	26.807405
113.837136	26.812191
113.841331	26.817182
113.845283	26.822406
113.850045	26.830146
113.855865	26.839477
113.862457	26.848796
113.870315	26.857176
113.875794	26.862147
113.883117	26.869390
113.885262	26.874179
113.888505	26.882400
113.889419	26.889964
113.890809	26.895682
113.893211	26.900471
113.895883	26.905483
113.898567	26.911873
113.898720	26.919677
113.899894	26.927239
113.902848	26.934084
113.906524	26.938161
113.910950	26.941083
113.915620	26.943540
113.921067	26.946671
113.922890	26.948023
113.923209	26.951004
113.923027	26.954680
113.922309	26.957675
113.920547	26.959539
113.916237	26.962131
113.910606	26.963361
113.905250	26.965048
113.894752	26.966812
113.887336	26.968298
113.884576	26.971783
113.882866	26.976403
113.878860	26.981740
113.874595	26.986855
113.870026	26.989678
113.866249	26.993637
113.865365	27.000997
113.865486	27.007426
113.864547	27.012032
113.861098	27.019888
113.858056	27.021999
113.854965	27.021586
113.849288	27.020520
113.844916	27.020123
113.842858	27.020153
113.841110	27.022703
113.841208	27.027754
113.840256	27.031899
113.837760	27.035840
113.833184	27.038431
113.828049	27.038507
113.823174	27.039033
113.818558	27.039560
113.815507	27.041210
113.813515	27.044681
113.811311	27.050224
113.810388	27.055979
113.808740	27.064268
113.807138	27.074624
113.806556	27.084965
113.804915	27.093484
113.802231	27.101099
113.797889	27.102767
113.793458	27.099615
113.791099	27.097121
113.788193	27.092798
113.782737	27.089892
113.778366	27.089496
113.774521	27.090466
113.769707	27.094206
113.766471	27.099763
113.766578	27.105730
113.768470	27.110985
113.768791	27.114425
113.768632	27.119708
113.768707	27.123610
113.769561	27.128054
113.770881	27.130009
113.770660	27.132079
113.771759	27.135967
113.773903	27.140530
113.779929	27.146873
113.787521	27.153886
113.795639	27.161806
113.803254	27.169965
113.809319	27.177687
113.813606	27.187038
113.817642	27.196396
113.822419	27.204134
113.827691	27.210716
113.834510	27.217508
113.841874	27.225897
113.845069	27.231818
113.847770	27.238209
113.848937	27.245541
113.850106	27.252869
113.851578	27.262721
113.854598	27.272551
113.858849	27.279147
113.864091	27.283892
113.866486	27.288220
113.867364	27.293487
113.866653	27.296942
113.863883	27.299967
113.857728	27.301435
113.853103	27.302189
113.849564	27.305685
113.849365	27.308671
113.850174	27.310727
113.850731	27.312555
113.851813	27.315294
113.854224	27.320541
113.857712	27.327376
113.861718	27.334895
113.864150	27.340829
113.867676	27.350192
113.868294	27.355464
113.868683	27.362342
113.868774	27.367163
113.868843	27.370837
113.870010	27.377706
113.870933	27.385498
113.869424	27.387586
113.867377	27.388306
113.862960	27.386533
113.859321	27.384748
113.853600	27.382307
113.845566	27.379668
113.837783	27.377252
113.832078	27.375269
113.827645	27.372350
113.823983	27.369645
113.820869	27.368314
113.817512	27.368129
113.813927	27.369098
113.810586	27.369836
113.805474	27.371744
113.798509	27.371384
113.789955	27.368747
113.782981	27.367928
113.777778	27.365474
113.768739	27.364223
113.763077	27.364760
113.757400	27.364152
113.749870	27.361041
113.743629	27.358142
113.739960	27.354288
113.738114	27.352018
113.735251	27.350680
113.729592	27.351215
113.726281	27.353098
113.722427	27.353839
113.717246	27.352303
113.715133	27.349344
113.712494	27.345707
113.707268	27.341876
113.703888	27.339856
113.699205	27.337393
113.694275	27.335391
113.681641	27.334872
113.673913	27.334972
113.666734	27.336675
113.661407	27.341566
113.657120	27.346673
113.652291	27.350869
113.639206	27.353793
113.633789	27.353406
113.628335	27.350951
113.624435	27.348706
113.620529	27.346689
113.615394	27.347444
113.611289	27.348873
113.608269	27.352815
113.606293	27.357891
113.602273	27.363682
113.599014	27.369004
113.597564	27.374761
113.596634	27.380972
113.596710	27.385332
113.597291	27.389227
113.600440	27.392632
113.605667	27.396926
113.613486	27.401876
113.620750	27.404538
113.624146	27.407250
113.625755	27.410902
113.625534	27.413201
113.623765	27.415061
113.621994	27.417379
113.620239	27.419927
113.614831	27.420225
113.608903	27.420531
113.602553	27.424218
113.599716	27.426158
113.597145	27.426420
113.594093	27.428984
113.592347	27.432221
113.592689	27.437494
113.593888	27.447352
113.594253	27.453774
113.591041	27.462310
113.587518	27.467176
113.586296	27.471091
113.588418	27.474738
113.591019	27.475852
113.596985	27.478072
113.600121	27.480329
113.603768	27.482578
113.608780	27.488941
113.613265	27.494851
113.618553	27.502591
113.621750	27.508519
113.621842	27.513567
113.620080	27.516574
113.613434	27.520102
113.606239	27.521802
113.595925	27.521930
113.587700	27.523871
113.581535	27.525786
113.577966	27.528127
113.574212	27.535062
113.572769	27.541505
113.573403	27.548614
113.580056	27.560467
113.586914	27.569331
113.592789	27.581194
113.596290	27.589415
113.597710	27.597428
113.600203	27.607270
113.599862	27.617601
113.601860	27.628823
113.606125	27.636575
113.609290	27.640666
113.614022	27.645194
113.617409	27.647218
113.623405	27.650354
113.631767	27.655756
113.639610	27.661164
113.646682	27.667040
113.653809	27.675441
113.656760	27.681827
113.659730	27.689134
113.664284	27.698255
113.668502	27.703021
113.673737	27.706854
113.680306	27.712734
113.686332	27.717705
113.690810	27.722234
113.693254	27.728859
113.694902	27.734347
113.693969	27.740325
113.693527	27.744462
113.695923	27.748104
113.699348	27.751730
113.703804	27.755113
113.707496	27.759194
113.715920	27.767575
113.725670	27.777772
113.734855	27.784990
113.746155	27.794938
113.757676	27.802582
113.761719	27.811478
113.762138	27.820423
113.761498	27.827776
113.760101	27.836286
113.757942	27.845496
113.753785	27.858638
113.750770	27.863497
113.745904	27.866086
113.741004	27.867303
113.737145	27.868730
113.733825	27.871073
113.731292	27.873860
113.728279	27.879407
113.726814	27.884246
113.727172	27.889522
113.728530	27.892946
113.729661	27.898208
113.733720	27.908022
113.738036	27.917834
113.742043	27.924204
113.747880	27.931926
113.756112	27.943059
113.767189	27.954154
113.777450	27.962730
113.786087	27.967658
113.792152	27.973540
113.796891	27.977606
113.800049	27.980088
113.804460	27.980255
113.811418	27.978550
113.817596	27.976626
113.824593	27.976528
113.829797	27.977832
113.835800	27.980271
113.840500	27.982039
113.843658	27.984747
113.846642	27.991589
113.846756	27.997783
113.846626	28.000001
113.848342	28.005747
113.851380	28.009772
113.853019	28.011777
113.858306	28.013890
113.860617	28.013578
113.861778	28.010556
113.861846	28.006421
113.862220	28.000001
113.862564	27.998016
113.867179	27.995425
113.871056	27.994679
113.875443	27.994157
113.880637	27.994773
113.886880	27.995826
113.893364	27.996421
113.901109	27.994930
113.907082	27.995532
113.912545	27.996598
113.916718	27.998144
113.918327	28.000001
113.919900	28.006442
113.923622	28.014113
113.925942	28.019538
113.931458	28.021174
113.936927	28.021669
113.942131	28.022173
113.947831	28.021970
113.951468	28.022298
113.955651	28.023068
113.954718	28.025395
113.952339	28.029840
113.950662	28.032882
113.949752	28.035439
113.949950	28.039793
113.953483	28.043337
113.958764	28.045442
113.966110	28.047245
113.972092	28.047719
113.977799	28.047744
113.985284	28.047015
113.993347	28.047872
114.000000	28.054308
114.004021	28.054564
114.007134	28.052619
114.010644	28.048551
114.014831	28.047788
114.017180	28.047414
114.020271	28.047756
114.023345	28.048558
114.026627	28.050511
114.030381	28.053401
114.032546	28.056920
114.033905	28.061100
114.034714	28.066176
114.036439	28.068074
114.037057	28.071534
114.036651	28.074732
114.036507	28.077708
114.035584	28.080888
114.035393	28.085008
114.034500	28.087497
114.033134	28.089054
114.030395	28.092165
114.028198	28.094838
114.026306	28.096602
114.022500	28.100365
114.019494	28.103695
114.016702	28.107950
114.014992	28.111328
114.013557	28.114259
114.012390	28.116966
114.012246	28.120175
114.012344	28.123617
114.011879	28.127959
114.012283	28.130498
114.011116	28.133205
114.009438	28.135897
114.006936	28.139475
114.003150	28.142778
114.000000	28.145223
113.995743	28.148519
113.991226	28.151896
113.987900	28.158440
113.986000	28.167686
113.985612	28.170453
113.985778	28.174118
113.987748	28.177261
113.991820	28.181245
113.997124	28.183576
114.000000	28.187068
114.005188	28.188242
114.010238	28.187852
114.014901	28.185133
114.018402	28.182024
114.023972	28.180470
114.030716	28.180486
114.034356	28.180390
114.037148	28.181639
114.041038	28.181780
114.045205	28.181470
114.052986	28.181525
114.060279	28.180871
114.065215	28.180821
114.072449	28.181539
114.078628	28.182450
114.081664	28.184169
114.085732	28.186149
114.090003	28.189055
114.092750	28.191448
114.095954	28.195234
114.098625	28.199227
114.099961	28.204093
114.101853	28.208059
114.104050	28.211120
114.107774	28.214926
114.108932	28.217948
114.112396	28.221743
114.116624	28.225793
114.120797	28.230987
114.128236	28.238823
114.133264	28.242444
114.139153	28.249993
114.143950	28.252917
114.147713	28.255802
114.152329	28.257115
114.155923	28.258159
114.159531	28.258742
114.164444	28.259148
114.168075	28.259278
114.170929	28.259378
114.174774	28.260431
114.176269	28.261860
114.177987	28.263984
114.179184	28.266320
114.180633	28.268666
114.184250	28.274986
114.187660	28.279922
114.190582	28.284385
114.193000	28.288371
114.195664	28.292590
114.198135	28.295429
114.202447	28.297875
114.206016	28.299375
114.210365	28.300906
114.212678	28.301444
114.215438	28.303605
114.216630	28.305943
114.218376	28.307607
114.221664	28.309558
114.224105	28.313084
114.226868	28.315244
114.230895	28.318139
114.234719	28.319878
114.238320	28.320689
114.240615	28.321687
114.243401	28.323390
114.245393	28.325295
114.247635	28.327435
114.248597	28.329307
114.249228	28.332538
114.247512	28.336149
114.246306	28.339777
114.245604	28.343879
114.244950	28.347068
114.244843	28.349358
114.245721	28.353060
114.246361	28.356294
114.247795	28.359095
114.248223	28.361173
114.249627	28.364665
114.250268	28.367897
114.251061	28.373431
114.251334	28.378944
114.253930	28.384997
114.254356	28.387078
114.254272	28.388911
114.254106	28.392801
114.252136	28.396176
114.249953	28.398394
114.247284	28.399907
114.244369	28.401181
114.240951	28.401981
114.237037	28.402303
114.230797	28.402314
114.226875	28.402866
114.221931	28.402923
114.217475	28.403686
114.213738	28.405849
114.209717	28.408459
114.206201	28.411549
114.203370	28.416723
114.200835	28.420996
114.198349	28.424349
114.195037	28.428590
114.192086	28.430550
114.188660	28.431578
114.183701	28.431861
114.177399	28.433247
114.172911	28.434694
114.169921	28.437568
114.170821	28.440583
114.173568	28.443204
114.177383	28.445173
114.184991	28.449572
114.191047	28.453681
114.193305	28.455598
114.197059	28.458939
114.200295	28.462265
114.204277	28.466305
114.207497	28.469859
114.208901	28.473346
114.209542	28.476582
114.209405	28.479559
114.209252	28.482993
114.208031	28.487082
114.204225	28.490617
114.201248	28.493265
114.197234	28.495649
114.192749	28.497097
114.186203	28.497783
114.181741	28.498776
114.175963	28.499718
114.172043	28.500269
114.166284	28.500982
114.159920	28.503512
114.155136	28.505634
114.148276	28.507688
114.143394	28.512100
114.138558	28.515368
114.134125	28.521178
114.132377	28.525242
114.129302	28.529950
114.126036	28.533048
114.122985	28.537068
114.119491	28.539468
114.115486	28.541617
114.111290	28.542385
114.105285	28.542629
114.100608	28.542460
114.097771	28.541902
114.094131	28.541770
114.088317	28.543627
114.084319	28.545546
114.081115	28.547269
114.078017	28.552434
114.077744	28.558387
114.078423	28.560477
114.079613	28.563043
114.082054	28.566571
114.085511	28.570596
114.091781	28.575866
114.098252	28.582523
114.103257	28.587061
114.108528	28.591380
114.117592	28.598354
114.118271	28.600444
114.119958	28.603484
114.122636	28.607710
114.122994	28.611165
114.121291	28.614315
114.119523	28.618841
114.117699	28.624509
114.118073	28.627734
114.118736	28.630282
114.120056	28.635604
114.120963	28.638619
114.121314	28.642303
114.122406	28.646929
114.123283	28.650631
114.125009	28.658494
114.125136	28.661479
114.125161	28.666530
114.123735	28.674963
114.122559	28.683639
114.121811	28.688662
114.122429	28.692124
114.123033	28.696045
114.123962	28.698602
114.126693	28.701681
114.128441	28.703349
114.132445	28.706932
114.135201	28.709555
114.137863	28.714006
114.138977	28.718175
114.139816	28.722792
114.140128	28.727392
114.140723	28.731542
114.142533	28.737570
114.144372	28.743141
114.145699	28.748237
114.146674	28.755612
114.146462	28.760193
114.145423	28.765891
114.145692	28.771409
114.141067	28.775602
114.139107	28.778515
114.136085	28.781847
114.133316	28.785191
114.131112	28.787866
114.131005	28.790157
114.132737	28.792283
114.134720	28.794647
114.137694	28.797965
114.139404	28.800547
114.140359	28.802647
114.141525	28.805669
114.142387	28.809600
114.143996	28.814475
114.145400	28.817967
114.145553	28.820494
114.144005	28.825718
114.142273	28.829326
114.139511	28.832670
114.135497	28.834821
114.130424	28.837164
114.125100	28.839498
114.121376	28.840975
114.116325	28.842860
114.110810	28.843580
114.106133	28.842955
114.100182	28.841825
114.096542	28.841467
114.092934	28.840419
114.089821	28.839847
114.086487	28.838582
114.083107	28.838233
114.079132	28.839466
114.073311	28.841091
114.069076	28.842315
114.064279	28.844439
114.060746	28.847295
114.059075	28.849528
114.056258	28.854016
114.054818	28.856945
114.053580	28.861031
114.052582	28.865583
114.051919	28.868771
114.052247	28.872912
114.053131	28.876386
114.054246	28.880554
114.055901	28.884287
114.057564	28.887786
114.059219	28.891515
114.059356	28.894275
114.058410	28.897682
114.055686	28.900107
114.052667	28.903211
114.049225	28.904234
114.045296	28.904321
114.040382	28.903227
114.037818	28.902215
114.034486	28.900718
114.029328	28.899384
114.022643	28.902584
114.018578	28.905650
114.016319	28.909239
114.014083	28.912369
114.011811	28.916186
114.009523	28.920464
114.007225	28.924738
114.006484	28.929528
114.006562	28.933432
114.006377	28.937328
114.006172	28.941676
114.006272	28.945122
114.005058	28.948751
114.003289	28.953042
114.000000	28.956479
113.994170	28.956393
113.989929	28.955169
113.985902	28.953015
113.981589	28.950414
113.979424	28.948657
113.974830	28.945605
113.970832	28.943910
113.965690	28.945931
113.960776	28.947253
113.958023	28.949646
113.955407	28.955246
113.954812	28.959399
113.952973	28.964741
113.951683	28.970525
113.951692	28.976492
113.950942	28.982717
113.951133	28.986842
113.952606	28.990459
113.954614	28.994062
113.955368	28.999085
113.955017	29.002996
113.952369	29.007682
113.950210	29.011889
113.948013	29.015408
113.946349	29.018911
113.943063	29.027059
113.940964	29.032413
113.940148	29.037491
113.939972	29.044841
113.940132	29.048280
113.940567	29.051936
113.941581	29.056950
113.942283	29.060597
113.946518	29.067334
113.947061	29.073283
113.947571	29.078543
113.946716	29.082704
113.946083	29.085939
113.945992	29.089615
113.946457	29.093959
113.948241	29.098485
113.950203	29.101172
113.954224	29.103096
113.956672	29.104844
113.962219	29.106025
113.967942	29.105136
113.970971	29.108242
113.973802	29.112730
113.976379	29.117461
113.978996	29.122874
113.982980	29.129618
113.985740	29.132506
113.989282	29.135362
113.991248	29.138274
113.996133	29.141775
114.000000	29.147806
114.005135	29.147669
114.010901	29.147651
114.014801	29.148248
114.018174	29.149062
114.023765	29.152704
114.029091	29.156339
114.028412	29.159755
114.028770	29.163210
114.028893	29.166194
114.029975	29.171055
114.032195	29.174116
114.034203	29.176024
114.038597	29.177327
114.042962	29.179324
114.047538	29.182239
114.049774	29.184844
114.054328	29.188447
114.056037	29.191036
114.057343	29.196819
114.058121	29.202582
114.058968	29.206972
114.059648	29.209290
114.061111	29.211635
114.069099	29.214676
114.074081	29.214625
114.082977	29.214942
114.093263	29.213705
114.098466	29.214578
114.104164	29.215927
114.109383	29.216572
114.118805	29.216905
114.127700	29.217221
114.134506	29.217461
114.144210	29.217344
114.150460	29.218252
114.155914	29.219361
114.163727	29.220553
114.172303	29.222231
114.178261	29.223815
114.183457	29.224913
114.189187	29.225802
114.192551	29.226609
114.197998	29.227945
114.201615	29.229216
114.206490	29.231450
114.210855	29.233670
114.213669	29.235142
114.215714	29.236362
114.219574	29.237870
114.221931	29.237952
114.227401	29.238828
114.232123	29.238764
114.238997	29.237396
114.243407	29.238465
114.245666	29.240838
114.247909	29.243436
114.249062	29.246921
114.250001	29.249473
114.248535	29.252865
114.245370	29.259180
114.244369	29.263964
114.244759	29.266961
114.245393	29.270421
114.245513	29.273637
114.245627	29.276855
114.246224	29.281235
114.247086	29.285393
114.248734	29.289579
114.249566	29.294427
114.249443	29.297173
114.248757	29.300822
114.248902	29.303350
114.249053	29.305877
114.249443	29.308877
114.251412	29.311926
114.254181	29.314545
114.256667	29.317613
114.257369	29.319472
114.257531	29.321770
114.256645	29.324033
114.255485	29.326520
114.253723	29.330588
114.252257	29.333979
114.251373	29.336240
114.250924	29.340356
114.251084	29.342656
114.253976	29.348490
114.258773	29.352784
114.262336	29.355203
114.267990	29.357919
114.271614	29.359191
114.287841	29.366165
114.292290	29.366548
114.300454	29.365908
114.306061	29.363804
114.310569	29.362810
114.316497	29.359341
114.319512	29.356458
114.322632	29.351059
114.325500	29.345651
114.328613	29.340479
114.331674	29.336452
114.334960	29.333352
114.339591	29.329380
114.343881	29.327456
114.349159	29.326720
114.354941	29.326451
114.360145	29.327547
114.364038	29.328594
114.368439	29.329888
114.372040	29.331616
114.374328	29.333298
114.382300	29.337006
114.386138	29.339429
114.390801	29.340728
114.397042	29.342084
114.404419	29.341411
114.411813	29.340509
114.418099	29.340719
114.425727	29.340281
114.430192	29.340201
114.434670	29.339887
114.438447	29.337489
114.441758	29.333699
114.445763	29.331994
114.449204	29.331420
114.453995	29.329740
114.459260	29.329455
114.463752	29.328685
114.467681	29.328815
114.470557	29.329138
114.474717	29.329961
114.478874	29.331014
114.484818	29.333273
114.488526	29.332475
114.493064	29.330558
114.496025	29.328819
114.498978	29.327310
114.501923	29.325799
114.506379	29.325945
114.509772	29.326285
114.513412	29.327092
114.522392	29.331969
114.529610	29.335185
114.537085	29.338408
114.543039	29.340431
114.547355	29.343782
114.551690	29.346902
114.559455	29.349445
114.566238	29.350583
114.571168	29.351884
114.575332	29.352705
114.580788	29.354026
114.584662	29.355526
114.587737	29.357461
114.590508	29.360301
114.593291	29.362683
114.596329	29.365532
114.599625	29.368387
114.601647	29.370288
114.603135	29.372401
114.605156	29.374297
114.608452	29.377157
114.610993	29.379072
114.613541	29.380986
114.616876	29.382926
114.621284	29.384214
114.625183	29.385253
114.629844	29.386775
114.633461	29.388268
114.642776	29.391541
114.651063	29.394554
114.655717	29.396302
114.663552	29.397239
114.668213	29.398987
114.673455	29.399151
114.678811	29.396564
114.683875	29.394659
114.688080	29.394561
114.691734	29.395131
114.697448	29.396685
114.702095	29.398663
114.705208	29.399675
114.709664	29.399812
114.713860	29.399944
114.719147	29.399190
114.724442	29.397975
114.727637	29.396927
114.730614	29.394725
114.733604	29.392063
114.735557	29.389141
114.737494	29.386677
114.737877	29.383705
114.737968	29.381417
114.738098	29.378208
114.738999	29.375254
114.740448	29.371856
114.742912	29.369411
114.745895	29.366979
114.748017	29.366354
114.752174	29.367398
114.755249	29.369329
114.756737	29.371667
114.758187	29.374694
114.760201	29.376820
114.761726	29.378242
114.763695	29.381513
114.766761	29.383671
114.769569	29.385592
114.772415	29.386595
114.776046	29.387851
114.779419	29.388872
114.782318	29.388501
114.786819	29.387491
114.792618	29.386976
114.796905	29.384813
114.800073	29.384448
114.803459	29.385009
114.806830	29.386028
114.809907	29.387956
114.813987	29.391062
114.817811	29.394160
114.819846	29.395596
114.822709	29.396368
114.826531	29.399466
114.832778	29.400801
114.838745	29.402583
114.844231	29.403436
114.849389	29.405881
114.855652	29.406757
114.860657	29.406449
114.863549	29.406303
114.865960	29.404999
114.868385	29.403465
114.870017	29.401907
114.874115	29.397900
114.877069	29.396152
114.881271	29.396045
114.885672	29.397784
114.888184	29.398476
114.892074	29.405961
114.903153	29.420883
114.905113	29.425281
114.903924	29.429833
114.905006	29.437190
114.906998	29.440670
114.929671	29.452535
114.930129	29.453627
114.932586	29.455355
114.934113	29.456774
114.935631	29.458194
114.936333	29.460508
114.937318	29.462372
114.937744	29.464906
114.938004	29.472024
114.936736	29.477722
114.935570	29.480669
114.934676	29.483397
114.933243	29.486567
114.930779	29.489245
114.927613	29.489615
114.923447	29.488573
114.918221	29.487734
114.913827	29.485772
114.908448	29.482173
114.906700	29.479828
114.900284	29.475741
114.898278	29.473157
114.898376	29.470638
114.899796	29.467929
114.902260	29.465246
114.904922	29.464407
114.907837	29.463806
114.909706	29.462942
114.912133	29.461408
114.912742	29.459133
114.913070	29.457308
114.911819	29.455665
114.909806	29.453540
114.906975	29.451852
114.904136	29.450623
114.900206	29.450279
114.896820	29.449490
114.893173	29.448695
114.890014	29.448829
114.886589	29.449187
114.883147	29.449775
114.880494	29.450614
114.878860	29.451943
114.877755	29.453515
114.876380	29.455081
114.874733	29.456868
114.873611	29.458671
114.872460	29.461387
114.869903	29.466358
114.868424	29.470673
114.866149	29.474962
114.864433	29.478584
114.864075	29.481097
114.863715	29.483609
114.865188	29.486403
114.867699	29.489457
114.870758	29.491844
114.873468	29.496511
114.876725	29.500737
114.880234	29.505197
114.882981	29.508948
114.884704	29.511982
114.885688	29.513616
114.887414	29.516647
114.888633	29.519207
114.890098	29.522006
114.890794	29.524545
114.891724	29.527783
114.892166	29.529864
114.893410	29.531733
114.897034	29.533217
114.899468	29.531455
114.900063	29.529636
114.900710	29.526445
114.900794	29.524153
114.900924	29.520944
114.901259	29.518890
114.903137	29.518029
114.906274	29.518580
114.908623	29.518876
114.911698	29.521030
114.913200	29.522908
114.915215	29.525265
114.917824	29.525798
114.920564	29.522897
114.920639	29.520836
114.920447	29.518993
114.920518	29.517160
114.921113	29.515344
114.921448	29.513518
114.922569	29.511715
114.924461	29.510165
114.929047	29.507089
114.931741	29.505562
114.935225	29.503597
114.937637	29.502519
114.939522	29.501197
114.944267	29.500880
114.948898	29.503535
114.951202	29.505206
114.954215	29.508967
114.957718	29.513653
114.959113	29.518512
114.959808	29.520825
114.960503	29.523366
114.960396	29.526345
114.956636	29.528303
114.952964	29.528196
114.948754	29.528303
114.944527	29.528870
114.941878	29.529249
114.939483	29.530099
114.939148	29.531924
114.939850	29.534238
114.941049	29.537255
114.941751	29.539571
114.943480	29.542600
114.946031	29.544738
114.949012	29.549184
114.952522	29.553872
114.955560	29.556942
114.958388	29.558629
114.962525	29.560582
114.965873	29.562285
114.971787	29.565897
114.975671	29.567613
114.978242	29.569293
114.980293	29.570499
114.983124	29.572185
114.986510	29.573202
114.990150	29.574223
114.995896	29.575303
115.000664	29.574521
115.003907	29.572092
115.006653	29.568958
115.010749	29.564949
115.013778	29.561364
115.018646	29.557603
115.023667	29.557059
115.028679	29.556512
115.032654	29.555705
115.038712	29.555420
115.043129	29.556922
115.048621	29.557763
115.054618	29.559080
115.060357	29.560389
115.066093	29.561697
115.070556	29.562052
115.075798	29.562426
115.081040	29.563032
115.085724	29.564311
115.089386	29.564872
115.091515	29.564243
115.093169	29.561995
115.093787	29.559488
115.093345	29.557182
115.092132	29.554397
115.090653	29.551833
115.088935	29.548343
115.085373	29.545032
115.082038	29.542876
115.077111	29.540904
115.073487	29.539425
115.070137	29.537499
115.068635	29.535391
115.067702	29.532155
115.069398	29.528991
115.072860	29.527713
115.076286	29.527578
115.079704	29.527446
115.084176	29.527339
115.088395	29.526999
115.092087	29.526641
115.095581	29.524674
115.099312	29.523173
115.102265	29.521650
115.105737	29.520141
115.110787	29.518446
115.117440	29.516337
115.120925	29.514368
115.126244	29.512682
115.129943	29.512096
115.134148	29.512212
115.137565	29.512078
115.142030	29.512198
115.144913	29.512508
115.148582	29.512839
115.150353	29.514724
115.152108	29.517064
115.151955	29.521418
115.149667	29.526628
115.147912	29.531398
115.148049	29.535070
115.147889	29.539425
115.147598	29.547673
115.147164	29.552478
115.148072	29.556402
115.149726	29.561494
115.151923	29.566369
115.152840	29.570066
115.154282	29.574004
115.155511	29.576331
115.157211	29.580276
115.159768	29.582410
115.163848	29.585963
115.166343	29.589700
115.167312	29.592021
115.167205	29.594997
115.165521	29.598163
115.163627	29.599489
115.160431	29.600777
115.157516	29.601155
115.154633	29.600850
115.151543	29.599157
115.148400	29.598612
115.144233	29.597579
115.140557	29.597251
115.137405	29.597165
115.133957	29.597985
115.130486	29.599496
115.129111	29.601062
115.128234	29.603332
115.128959	29.605187
115.130668	29.608904
115.131805	29.613982
115.133004	29.617226
115.133941	29.620234
115.134139	29.622073
115.133232	29.625490
115.131805	29.628432
115.130654	29.631381
115.131340	29.634153
115.132783	29.637861
115.134782	29.640899
115.136284	29.643003
115.137483	29.646250
115.137939	29.648322
115.137841	29.651073
115.136940	29.654031
115.132660	29.655978
115.129738	29.656814
115.126313	29.656718
115.122634	29.656618
115.117889	29.656718
115.115250	29.657104
115.112305	29.658398
115.108802	29.660593
115.106354	29.662820
115.103622	29.665498
115.102509	29.667298
115.101067	29.670701
115.100456	29.672978
115.100609	29.675963
115.101311	29.678507
115.102240	29.681741
115.103995	29.684312
115.105773	29.685969
115.108093	29.687409
115.111733	29.688658
115.116745	29.688567
115.121324	29.685709
115.126465	29.681725
115.130349	29.676326
115.132348	29.672025
115.137268	29.666883
115.141045	29.664465
115.145859	29.662305
115.149849	29.661037
115.154601	29.660709
115.159599	29.660844
115.163025	29.660707
115.167809	29.659463
115.171310	29.657265
115.174988	29.657363
115.179932	29.659107
115.183585	29.659891
115.188073	29.659556
115.196243	29.659319
115.203322	29.659969
115.209107	29.660354
115.217599	29.658287
115.223443	29.656839
115.227349	29.658091
115.232559	29.659606
115.239098	29.660700
115.245621	29.662478
115.252433	29.663346
115.256912	29.663239
115.260627	29.662419
115.263314	29.660885
115.264754	29.657254
115.264633	29.653122
115.264779	29.648997
115.262031	29.644568
115.260590	29.640630
115.261582	29.634923
115.264374	29.630180
115.268722	29.626167
115.271927	29.624877
115.275352	29.624738
115.278495	29.625052
115.283448	29.626559
115.287796	29.630112
115.289802	29.632915
115.292876	29.635520
115.296730	29.638146
115.300072	29.640525
115.303176	29.641984
115.307060	29.643919
115.310966	29.645168
115.316422	29.647146
115.321388	29.648192
115.326042	29.650608
115.328880	29.652286
115.333823	29.654022
115.338028	29.654357
115.345832	29.656855
115.353066	29.660942
115.357438	29.664037
115.362878	29.666699
115.369667	29.668251
115.375846	29.672308
115.381797	29.675442
115.389831	29.679318
115.394478	29.682186
115.398590	29.685044
115.403244	29.687685
115.407075	29.691222
115.409087	29.694028
115.411095	29.697059
115.412597	29.699391
115.414352	29.701957
115.417930	29.705260
115.421752	29.709255
115.426354	29.713499
115.429139	29.716781
115.431168	29.719126
115.433998	29.721031
115.437615	29.723187
115.442780	29.726298
115.446923	29.728694
115.450264	29.731071
115.453881	29.733227
115.457489	29.735608
115.462111	29.739394
115.465179	29.742225
115.466667	29.745012
115.465760	29.748661
115.465400	29.751633
115.464988	29.755979
115.464363	29.759177
115.462342	29.764626
115.461152	29.768727
115.461539	29.772866
115.463226	29.777722
115.464432	29.781193
115.466918	29.785613
115.468940	29.788414
115.468858	29.790934
115.468201	29.794816
115.468377	29.797574
115.469573	29.801273
115.470214	29.805877
115.471162	29.809108
115.473908	29.813765
115.477509	29.816607
115.479020	29.818706
115.481842	29.821072
115.487029	29.823722
115.491462	29.825208
115.495079	29.827590
115.497864	29.831097
115.500907	29.834842
115.502922	29.837876
115.505164	29.841830
115.509529	29.842646
115.512200	29.843047
115.517312	29.841905
115.523903	29.840626
115.530244	29.840348
115.538148	29.840579
115.544899	29.840588
115.550995	29.841317
115.555932	29.841825
115.561981	29.842229
115.567665	29.842669
115.573762	29.843393
115.580100	29.843115
115.588004	29.843341
115.594055	29.843742
115.600067	29.843820
115.606606	29.844289
115.611846	29.844980
115.616418	29.845522
115.622834	29.845887
115.630081	29.846826
115.633666	29.848444
115.638330	29.850317
115.641739	29.850855
115.644875	29.851847
115.650888	29.853595
115.656631	29.855336
115.661597	29.856829
115.666336	29.856938
115.670554	29.856373
115.672166	29.856157
115.677765	29.854226
115.682807	29.852963
115.688407	29.851033
115.692466	29.847687
115.696236	29.845023
115.701660	29.840102
115.706834	29.834717
115.709840	29.831118
115.714166	29.827777
115.719604	29.822170
115.729568	29.815061
115.734992	29.810141
115.744462	29.802421
115.752770	29.797036
115.760879	29.792974
115.768571	29.788628
115.779098	29.783024
115.786836	29.779001
115.793862	29.775373
115.798386	29.772640
115.802911	29.769909
115.806817	29.768216
115.809860	29.765632
115.814384	29.762899
115.818947	29.760209
115.822976	29.757778
115.829392	29.754480
115.834069	29.752795
115.835206	29.752351
115.840309	29.750366
115.845109	29.748408
115.851775	29.745575
115.856055	29.743373
115.862435	29.741452
115.868294	29.739057
115.873092	29.737097
115.877625	29.735132
115.884002	29.733209
115.890915	29.731511
115.894691	29.730389
115.898071	29.729386
115.906281	29.727730
115.914506	29.725612
115.918900	29.725165
115.923012	29.724744
115.930838	29.725277
115.937920	29.726346
115.946289	29.728589
115.954888	29.731750
115.955986	29.732115
116.003418	29.743105
116.007798	29.738692
116.022232	29.743948
116.032966	29.745924
116.042512	29.750391
116.057748	29.765258
116.058883	29.766229
116.097824	29.799386
116.111711	29.814777
116.120597	29.820666
116.129707	29.824219
116.129622	29.824850
116.135566	29.827198
116.141137	29.829580
116.146210	29.831034
116.151650	29.832447
116.159402	29.834284
116.165580	29.835624
116.172639	29.836857
116.180809	29.836788
116.185821	29.836659
116.191651	29.835624
116.199494	29.833830
116.207596	29.830658
116.211525	29.828356
116.215669	29.825648
116.219024	29.822687
116.222344	29.819405
116.225205	29.815517
116.228760	29.811230
116.231285	29.807700
116.233077	29.804247
116.234757	29.802355
116.236015	29.800935
116.238793	29.796466
116.240356	29.794738
116.241409	29.793583
116.243652	29.790736
116.245567	29.788252
116.248605	29.785649
116.252258	29.784952
116.256447	29.784585
116.265732	29.787507
116.275779	29.791370
116.283585	29.795645
116.289795	29.799121
116.297241	29.804251
116.302246	29.807994
116.307213	29.811417
116.311194	29.815916
116.317703	29.822450
116.322189	29.827884
116.328789	29.833627
116.333664	29.837832
116.340240	29.842071
116.346817	29.846304
116.353310	29.849893
116.358887	29.852266
116.366409	29.855094
116.375862	29.858376
116.384316	29.859801
116.396126	29.862363
116.402373	29.865686
116.407982	29.868163
116.414528	29.872072
116.420105	29.874442
116.424905	29.876566
116.429283	29.878403
116.432923	29.880320
116.436654	29.882879
116.440841	29.886047
116.444701	29.889575
116.449631	29.892668
116.453645	29.894542
116.457574	29.896691
116.461747	29.899054
116.465141	29.900490
116.469606	29.901484
116.474319	29.902879
116.480012	29.903271
116.486679	29.902578
116.491761	29.901406
116.497338	29.900816
116.501694	29.899711
116.507202	29.898808
116.510452	29.897815
116.513458	29.897831
116.516426	29.897523
116.519058	29.897573
116.522484	29.897874
116.525536	29.898211
116.529465	29.899437
116.532975	29.900381
116.536660	29.902617
116.540443	29.905495
116.542458	29.909215
116.545104	29.914833
116.547035	29.917903
116.548263	29.921376
116.549163	29.925214
116.550613	29.930299
116.552117	29.935712
116.552644	29.939584
116.553772	29.945034
116.554893	29.950483
116.555894	29.954964
116.557753	29.960336
116.558793	29.965138
116.559791	29.969619
116.561051	29.976037
116.561585	29.979911
116.562667	29.985037
116.563424	29.990525
116.564415	29.995004
116.565040	29.999526
116.565612	30.003721
116.566284	30.008565
116.566863	30.012763
116.568130	30.016872
116.569625	30.021022
116.570617	30.024022
116.572128	30.027486
116.573890	30.031413
116.576171	30.036033
116.577165	30.038804
116.578949	30.041813
116.581466	30.047586
116.585671	30.056319
116.590188	30.061744
116.594429	30.065228
116.600341	30.069851
116.605248	30.072611
116.610474	30.075013
116.615723	30.076572
116.619126	30.078231
116.623855	30.079225
116.628067	30.079981
116.633079	30.080503
116.637993	30.080642
116.643235	30.080417
116.647636	30.079377
116.653495	30.078359
116.662758	30.076636
116.670457	30.074922
116.678176	30.072064
116.687767	30.068317
116.693626	30.066117
116.700006	30.064153
116.707176	30.062197
116.712502	30.060217
